publishAt,publishedAtDate,stars
20 hours ago,2026-04-30T16:49:56.958Z,4
2 days ago,2026-04-29T12:10:51.092Z,5
2 days ago,2026-04-28T18:55:52.481Z,3
3 days ago,2026-04-28T06:59:19.433Z,4
3 days ago,2026-04-27T17:40:01.606Z,5
4 days ago,2026-04-26T15:56:34.017Z,5
5 days ago,2026-04-25T19:47:41.819Z,5
6 days ago,2026-04-25T12:06:25.827Z,5
6 days ago,2026-04-25T09:06:44.649Z,5
6 days ago,2026-04-24T17:50:14.087Z,5
a week ago,2026-04-23T23:54:14.860Z,3
a week ago,2026-04-22T19:13:25.302Z,5
a week ago,2026-04-22T10:16:27.459Z,4
a week ago,2026-04-22T09:18:10.187Z,5
a week ago,2026-04-22T07:56:25.757Z,5
a week ago,2026-04-22T02:00:23.337Z,5
a week ago,2026-04-21T20:45:02.035Z,5
a week ago,2026-04-20T21:46:22.716Z,5
Edited a week ago,2026-04-20T10:38:59.462Z,5
Edited a week ago,2026-04-19T07:44:18.315Z,5
a week ago,2026-04-18T21:16:55.740Z,1
a week ago,2026-04-18T20:22:20.936Z,1
2 weeks ago,2026-04-12T23:42:51.306Z,5
2 weeks ago,2026-04-12T20:57:16.114Z,5
2 weeks ago,2026-04-12T20:10:44.814Z,4
2 weeks ago,2026-04-12T16:33:10.257Z,4
3 weeks ago,2026-04-10T11:33:38.828Z,5
3 weeks ago,2026-04-07T19:32:39.983Z,4
3 weeks ago,2026-04-05T15:07:40.452Z,5
Edited 4 weeks ago,2026-04-02T07:33:37.452Z,5
4 weeks ago,2026-04-02T05:02:01.084Z,3
4 weeks ago,2026-04-02T02:38:02.276Z,5
4 weeks ago,2026-04-02T01:58:57.884Z,5
Edited a month ago,2026-03-31T22:38:42.155Z,5
a month ago,2026-03-31T11:13:16.634Z,5
a month ago,2026-03-28T22:13:07.258Z,5
a month ago,2026-03-25T22:57:15.382Z,5
a month ago,2026-03-24T19:33:47.399Z,5
a month ago,2026-03-24T19:19:20.437Z,5
a month ago,2026-03-24T11:22:14.978Z,4
a month ago,2026-03-24T07:06:18.882Z,5
a month ago,2026-03-24T05:01:46.442Z,5
a month ago,2026-03-22T17:11:05.953Z,5
a month ago,2026-03-22T12:07:36.537Z,5
a month ago,2026-03-22T11:07:26.643Z,5
a month ago,2026-03-22T08:27:09.284Z,5
a month ago,2026-03-22T06:13:22.355Z,5
a month ago,2026-03-21T18:32:01.618Z,5
a month ago,2026-03-21T16:49:14.207Z,5
a month ago,2026-03-21T14:19:11.355Z,5
a month ago,2026-03-19T05:43:12.476Z,3
a month ago,2026-03-17T15:45:42.569Z,5
a month ago,2026-03-17T01:27:24.333Z,5
a month ago,2026-03-15T21:48:10.481Z,5
a month ago,2026-03-15T03:07:46.235Z,5
a month ago,2026-03-14T17:02:02.325Z,5
a month ago,2026-03-09T14:46:04.239Z,5
a month ago,2026-03-08T15:48:18.488Z,5
a month ago,2026-03-08T08:11:10.379Z,5
a month ago,2026-03-07T17:48:17.568Z,5
a month ago,2026-03-07T11:33:46.502Z,5
a month ago,2026-03-05T08:26:46.020Z,5
a month ago,2026-03-04T00:36:59.236Z,5
a month ago,2026-03-03T14:21:40.618Z,5
a month ago,2026-03-02T17:30:18.045Z,5
Edited 2 months ago,2026-02-27T09:00:51.694Z,5
2 months ago,2026-02-25T02:06:33.246Z,5
2 months ago,2026-02-23T16:37:14.883Z,5
2 months ago,2026-02-22T19:09:08.715Z,5
2 months ago,2026-02-21T20:09:23.322Z,3
2 months ago,2026-02-21T18:23:10.398Z,5
2 months ago,2026-02-21T00:45:41.228Z,5
2 months ago,2026-02-20T09:47:32.829Z,5
2 months ago,2026-02-19T11:44:04.053Z,5
2 months ago,2026-02-18T01:39:58.383Z,5
2 months ago,2026-02-17T21:40:27.619Z,5
2 months ago,2026-02-17T16:12:44.346Z,5
2 months ago,2026-02-17T12:42:09.633Z,4
2 months ago,2026-02-17T08:51:54.146Z,4
2 months ago,2026-02-17T00:48:23.748Z,5
2 months ago,2026-02-16T18:24:10.157Z,5
2 months ago,2026-02-16T11:02:13.882Z,5
2 months ago,2026-02-16T09:18:22.820Z,5
2 months ago,2026-02-15T14:24:51.516Z,4
2 months ago,2026-02-14T18:05:43.488Z,5
2 months ago,2026-02-13T19:54:39.807Z,5
2 months ago,2026-02-12T19:32:04.425Z,4
2 months ago,2026-02-12T16:01:26.726Z,5
2 months ago,2026-02-12T08:00:02.834Z,5
2 months ago,2026-02-12T06:02:08.899Z,5
2 months ago,2026-02-11T21:29:15.695Z,5
2 months ago,2026-02-10T15:08:47.027Z,5
2 months ago,2026-02-09T19:37:13.719Z,5
2 months ago,2026-02-07T20:13:50.503Z,5
2 months ago,2026-02-06T16:41:14.135Z,5
2 months ago,2026-02-05T16:51:40.522Z,4
2 months ago,2026-02-05T13:07:45.448Z,4
2 months ago,2026-02-04T20:45:29.480Z,5
2 months ago,2026-02-04T16:59:32.576Z,5
2 months ago,2026-02-04T15:33:45.084Z,5
2 months ago,2026-02-04T10:27:54.597Z,5
2 months ago,2026-02-04T06:19:20.049Z,5
2 months ago,2026-02-03T22:45:07.613Z,5
2 months ago,2026-02-03T19:11:20.835Z,5
2 months ago,2026-02-01T22:39:13.046Z,5
2 months ago,2026-02-01T22:07:08.468Z,5
2 months ago,2026-02-01T20:50:45.558Z,4
2 months ago,2026-02-01T20:47:47.961Z,5
2 months ago,2026-02-01T20:33:41.758Z,5
2 months ago,2026-02-01T18:11:20.181Z,2
3 months ago,2026-02-01T12:19:55.005Z,4
3 months ago,2026-02-01T12:15:19.273Z,5
3 months ago,2026-02-01T08:48:57.205Z,5
3 months ago,2026-02-01T04:26:54.708Z,5
3 months ago,2026-01-31T18:09:25.308Z,5
3 months ago,2026-01-31T17:05:17.762Z,5
3 months ago,2026-01-31T12:46:12.332Z,5
3 months ago,2026-01-30T08:02:19.920Z,5
3 months ago,2026-01-29T07:19:04.107Z,5
3 months ago,2026-01-29T06:29:52.930Z,5
3 months ago,2026-01-28T21:33:59.515Z,5
3 months ago,2026-01-28T03:12:37.755Z,5
3 months ago,2026-01-27T21:32:42.535Z,5
3 months ago,2026-01-27T17:35:26.572Z,5
3 months ago,2026-01-27T07:15:26.551Z,4
3 months ago,2026-01-26T02:57:07.186Z,5
3 months ago,2026-01-25T20:22:05.320Z,4
3 months ago,2026-01-25T18:02:40.703Z,5
3 months ago,2026-01-25T11:52:00.073Z,5
3 months ago,2026-01-25T10:56:52.534Z,5
3 months ago,2026-01-25T05:47:50.903Z,5
3 months ago,2026-01-24T21:27:46.643Z,5
3 months ago,2026-01-24T14:05:41.733Z,5
3 months ago,2026-01-24T06:00:06.033Z,5
3 months ago,2026-01-23T16:06:28.555Z,5
3 months ago,2026-01-23T10:02:11.858Z,5
Edited 3 months ago,2026-01-22T18:22:07.143Z,5
3 months ago,2026-01-22T17:48:10.479Z,5
3 months ago,2026-01-20T20:53:18.743Z,5
3 months ago,2026-01-20T19:59:55.035Z,5
3 months ago,2026-01-20T19:38:22.719Z,5
3 months ago,2026-01-20T16:48:38.001Z,5
3 months ago,2026-01-20T08:19:25.824Z,5
3 months ago,2026-01-18T10:21:17.597Z,5
3 months ago,2026-01-17T11:50:03.602Z,5
3 months ago,2026-01-17T00:28:02.973Z,5
3 months ago,2026-01-16T21:38:24.613Z,5
Edited 3 months ago,2026-01-16T16:09:55.892Z,5
3 months ago,2026-01-16T05:54:11.792Z,5
3 months ago,2026-01-15T12:17:00.692Z,5
3 months ago,2026-01-15T09:56:29.646Z,5
3 months ago,2026-01-15T08:18:09.442Z,5
3 months ago,2026-01-13T06:54:16.408Z,5
3 months ago,2026-01-12T17:31:31.973Z,5
3 months ago,2026-01-10T12:40:51.453Z,5
3 months ago,2026-01-09T18:52:42.292Z,5
3 months ago,2026-01-09T15:51:26.936Z,5
3 months ago,2026-01-08T16:39:02.533Z,5
3 months ago,2026-01-08T07:27:17.493Z,5
3 months ago,2026-01-04T19:43:26.022Z,5
3 months ago,2026-01-04T17:49:46.482Z,5
3 months ago,2026-01-03T09:47:47.584Z,5
3 months ago,2026-01-03T01:01:43.305Z,5
3 months ago,2026-01-03T00:23:23.374Z,4
3 months ago,2026-01-02T21:35:13.047Z,5
3 months ago,2026-01-01T22:09:19.648Z,5
3 months ago,2026-01-01T17:40:41.034Z,5
4 months ago,2025-12-31T21:07:00.255Z,5
4 months ago,2025-12-31T12:51:50.842Z,5
4 months ago,2025-12-30T19:57:18.122Z,5
4 months ago,2025-12-30T14:51:46.770Z,5
4 months ago,2025-12-30T10:54:00.229Z,5
4 months ago,2025-12-30T04:52:50.861Z,5
4 months ago,2025-12-29T17:02:19.329Z,4
4 months ago,2025-12-28T22:09:09.760Z,1
4 months ago,2025-12-28T21:36:24.619Z,5
4 months ago,2025-12-28T16:09:54.813Z,5
4 months ago,2025-12-28T12:29:05.198Z,5
4 months ago,2025-12-27T10:31:32.071Z,5
4 months ago,2025-12-27T08:28:46.427Z,5
4 months ago,2025-12-27T06:34:00.574Z,3
4 months ago,2025-12-27T03:10:48.132Z,5
4 months ago,2025-12-25T19:33:31.791Z,5
4 months ago,2025-12-24T16:12:30.332Z,5
4 months ago,2025-12-23T19:49:17.192Z,5
4 months ago,2025-12-23T12:37:35.677Z,5
4 months ago,2025-12-23T10:53:21.715Z,5
4 months ago,2025-12-23T07:37:48.156Z,5
4 months ago,2025-12-22T13:04:11.681Z,5
4 months ago,2025-12-21T11:56:30.277Z,5
4 months ago,2025-12-21T09:43:48.675Z,5
4 months ago,2025-12-20T09:18:43.180Z,5
4 months ago,2025-12-19T20:17:19.509Z,5
Edited 4 months ago,2025-12-19T18:06:24.341Z,5
Edited 4 months ago,2025-12-19T12:16:29.313Z,5
4 months ago,2025-12-18T21:29:25.418Z,5
4 months ago,2025-12-17T19:57:11.213Z,5
4 months ago,2025-12-17T19:39:00.282Z,5
4 months ago,2025-12-17T18:14:39.025Z,4
4 months ago,2025-12-16T00:15:44.403Z,4
4 months ago,2025-12-15T19:41:45.781Z,5
Edited 4 months ago,2025-12-15T17:13:12.436Z,4
4 months ago,2025-12-15T07:03:49.875Z,4
4 months ago,2025-12-14T10:58:33.052Z,4
4 months ago,2025-12-13T09:43:10.416Z,5
4 months ago,2025-12-13T07:09:43.881Z,5
4 months ago,2025-12-12T19:38:25.390Z,5
4 months ago,2025-12-10T05:09:31.177Z,5
4 months ago,2025-12-09T18:03:46.318Z,5
4 months ago,2025-12-09T17:48:52.758Z,3
4 months ago,2025-12-09T14:03:03.408Z,5
4 months ago,2025-12-09T07:20:26.328Z,4
4 months ago,2025-12-08T23:43:07.536Z,5
4 months ago,2025-12-08T18:45:40.901Z,5
4 months ago,2025-12-08T18:08:29.076Z,5
4 months ago,2025-12-07T22:03:41.598Z,5
4 months ago,2025-12-07T16:54:27.100Z,5
4 months ago,2025-12-07T07:53:10.008Z,3
4 months ago,2025-12-06T19:39:48.396Z,5
4 months ago,2025-12-06T18:03:05.380Z,5
4 months ago,2025-12-06T16:06:07.686Z,5
4 months ago,2025-12-05T21:03:45.427Z,5
4 months ago,2025-12-05T11:52:27.336Z,5
4 months ago,2025-12-05T11:05:57.906Z,5
4 months ago,2025-12-05T05:24:18.994Z,5
4 months ago,2025-12-04T23:20:27.016Z,5
4 months ago,2025-12-02T15:15:11.760Z,5
4 months ago,2025-12-02T15:10:32.943Z,3
4 months ago,2025-12-02T10:50:02.554Z,4
4 months ago,2025-12-02T10:40:18.264Z,5
4 months ago,2025-12-01T23:27:49.528Z,5
4 months ago,2025-12-01T19:56:51.115Z,3
5 months ago,2025-11-30T20:35:58.245Z,5
5 months ago,2025-11-30T17:51:43.888Z,5
5 months ago,2025-11-30T11:46:56.155Z,5
5 months ago,2025-11-30T07:46:44.715Z,5
5 months ago,2025-11-29T16:21:41.453Z,5
5 months ago,2025-11-29T10:48:24.458Z,5
5 months ago,2025-11-29T07:37:14.448Z,5
5 months ago,2025-11-28T05:47:01.972Z,5
5 months ago,2025-11-28T04:46:05.731Z,5
5 months ago,2025-11-27T16:19:36.210Z,5
5 months ago,2025-11-26T21:02:59.740Z,5
5 months ago,2025-11-26T17:00:17.162Z,5
Edited 5 months ago,2025-11-26T16:29:12.787Z,5
5 months ago,2025-11-26T15:58:11.745Z,4
5 months ago,2025-11-26T13:15:23.815Z,5
5 months ago,2025-11-24T21:25:59.323Z,4
5 months ago,2025-11-24T20:04:23.755Z,4
5 months ago,2025-11-24T17:42:54.556Z,5
5 months ago,2025-11-24T17:28:46.334Z,5
5 months ago,2025-11-24T10:00:23.630Z,5
5 months ago,2025-11-24T07:58:02.337Z,5
5 months ago,2025-11-24T04:06:50.198Z,5
5 months ago,2025-11-23T21:54:28.454Z,5
5 months ago,2025-11-23T20:59:12.178Z,5
5 months ago,2025-11-23T20:39:45.078Z,5
5 months ago,2025-11-23T20:24:14.399Z,5
5 months ago,2025-11-23T19:40:15.128Z,5
5 months ago,2025-11-23T13:29:36.483Z,5
5 months ago,2025-11-23T06:59:06.153Z,5
5 months ago,2025-11-22T20:00:04.770Z,5
5 months ago,2025-11-22T17:25:38.880Z,5
Edited 5 months ago,2025-11-22T14:51:33.135Z,5
5 months ago,2025-11-22T09:05:16.290Z,4
5 months ago,2025-11-21T18:41:33.719Z,3
5 months ago,2025-11-21T15:08:11.487Z,4
5 months ago,2025-11-21T08:47:07.233Z,5
5 months ago,2025-11-20T21:02:22.632Z,5
5 months ago,2025-11-20T17:37:16.357Z,5
5 months ago,2025-11-20T13:58:44.575Z,5
5 months ago,2025-11-20T09:18:37.776Z,5
5 months ago,2025-11-20T08:50:27.185Z,5
5 months ago,2025-11-20T06:44:54.195Z,5
5 months ago,2025-11-19T21:04:14.968Z,5
5 months ago,2025-11-19T20:58:47.272Z,4
5 months ago,2025-11-19T20:44:33.426Z,5
5 months ago,2025-11-19T18:20:01.308Z,4
5 months ago,2025-11-19T16:19:24.054Z,5
5 months ago,2025-11-19T15:55:21.308Z,2
5 months ago,2025-11-19T13:18:18.203Z,4
5 months ago,2025-11-19T11:29:58.057Z,5
5 months ago,2025-11-19T10:30:44.454Z,5
5 months ago,2025-11-18T18:01:57.672Z,5
5 months ago,2025-11-18T17:05:02.854Z,5
5 months ago,2025-11-17T23:22:36.135Z,5
5 months ago,2025-11-17T21:00:26.607Z,5
5 months ago,2025-11-17T20:38:30.749Z,5
5 months ago,2025-11-17T12:02:20.129Z,2
5 months ago,2025-11-16T19:38:29.149Z,5
5 months ago,2025-11-16T18:59:07.879Z,5
5 months ago,2025-11-16T18:39:05.857Z,5
5 months ago,2025-11-16T17:30:14.076Z,5
5 months ago,2025-11-16T16:25:23.174Z,5
5 months ago,2025-11-16T15:35:28.884Z,5
5 months ago,2025-11-16T12:36:48.629Z,5
5 months ago,2025-11-16T07:57:12.889Z,5
5 months ago,2025-11-15T22:22:46.316Z,5
5 months ago,2025-11-15T20:14:38.907Z,5
5 months ago,2025-11-15T17:07:32.642Z,5
5 months ago,2025-11-15T13:32:34.504Z,5
5 months ago,2025-11-15T08:07:32.586Z,5
5 months ago,2025-11-14T21:42:55.234Z,5
5 months ago,2025-11-14T19:44:55.824Z,5
5 months ago,2025-11-14T19:13:15.139Z,5
5 months ago,2025-11-14T15:25:02.919Z,4
5 months ago,2025-11-14T09:41:07.523Z,5
5 months ago,2025-11-14T07:48:55.356Z,5
5 months ago,2025-11-13T21:13:11.533Z,5
5 months ago,2025-11-13T19:51:38.336Z,5
5 months ago,2025-11-13T13:46:10.760Z,5
5 months ago,2025-11-13T12:30:45.262Z,5
5 months ago,2025-11-12T09:23:52.072Z,1
5 months ago,2025-11-12T08:01:47.338Z,2
5 months ago,2025-11-11T17:12:00.384Z,5
5 months ago,2025-11-11T16:41:43.485Z,5
5 months ago,2025-11-11T16:40:41.847Z,5
5 months ago,2025-11-11T09:57:15.777Z,4
5 months ago,2025-11-11T09:38:44.451Z,5
5 months ago,2025-11-10T13:42:02.777Z,5
5 months ago,2025-11-10T07:37:28.691Z,5
5 months ago,2025-11-09T20:12:41.787Z,5
5 months ago,2025-11-09T18:26:48.586Z,5
5 months ago,2025-11-09T08:16:25.457Z,5
5 months ago,2025-11-08T21:03:08.685Z,5
5 months ago,2025-11-08T12:52:29.942Z,5
5 months ago,2025-11-07T10:32:46.025Z,5
5 months ago,2025-11-06T20:00:31.303Z,5
5 months ago,2025-11-06T13:18:17.221Z,5
5 months ago,2025-11-06T00:15:45.617Z,5
5 months ago,2025-11-05T15:53:05.357Z,5
5 months ago,2025-11-05T13:31:38.836Z,5
5 months ago,2025-11-05T10:24:27.318Z,5
5 months ago,2025-11-05T10:11:02.083Z,5
5 months ago,2025-11-05T05:25:36.770Z,5
5 months ago,2025-11-04T22:15:10.720Z,5
5 months ago,2025-11-04T14:49:21.704Z,5
5 months ago,2025-11-04T10:50:20.511Z,5
5 months ago,2025-11-04T10:25:54.392Z,5
5 months ago,2025-11-03T13:33:31.768Z,5
5 months ago,2025-11-03T11:00:03.990Z,5
5 months ago,2025-11-03T08:34:25.760Z,5
5 months ago,2025-11-02T20:33:01.838Z,5
5 months ago,2025-11-02T17:59:42.291Z,5
5 months ago,2025-11-02T16:31:19.824Z,4
5 months ago,2025-11-02T16:19:58.712Z,5
5 months ago,2025-11-01T15:11:32.109Z,5
6 months ago,2025-11-01T13:08:49.695Z,5
6 months ago,2025-11-01T08:17:42.227Z,5
6 months ago,2025-10-31T15:48:01.367Z,5
6 months ago,2025-10-31T15:08:57.715Z,5
6 months ago,2025-10-31T14:27:41.995Z,4
6 months ago,2025-10-31T07:32:01.826Z,5
6 months ago,2025-10-31T05:15:48.951Z,5
6 months ago,2025-10-30T19:25:08.122Z,3
6 months ago,2025-10-30T17:12:16.922Z,5
6 months ago,2025-10-30T15:58:43.859Z,5
6 months ago,2025-10-30T15:09:43.089Z,5
6 months ago,2025-10-30T10:25:00.674Z,5
6 months ago,2025-10-30T04:20:37.395Z,5
6 months ago,2025-10-29T20:49:26.200Z,5
6 months ago,2025-10-29T19:22:12.296Z,5
6 months ago,2025-10-29T18:02:29.507Z,5
6 months ago,2025-10-29T16:43:26.060Z,5
6 months ago,2025-10-29T13:37:04.355Z,5
6 months ago,2025-10-28T18:10:42.803Z,5
6 months ago,2025-10-28T17:19:16.318Z,5
6 months ago,2025-10-28T16:13:03.508Z,4
6 months ago,2025-10-28T15:08:37.788Z,3
6 months ago,2025-10-28T14:20:28.447Z,5
6 months ago,2025-10-27T23:02:13.175Z,5
6 months ago,2025-10-26T15:22:29.724Z,5
6 months ago,2025-10-26T09:25:56.775Z,2
6 months ago,2025-10-26T07:26:51.631Z,5
6 months ago,2025-10-26T05:00:16.489Z,5
6 months ago,2025-10-25T14:33:51.207Z,5
6 months ago,2025-10-25T13:37:36.453Z,5
6 months ago,2025-10-24T22:25:09.827Z,5
6 months ago,2025-10-24T20:47:52.812Z,5
Edited 6 months ago,2025-10-23T10:25:31.175Z,5
6 months ago,2025-10-22T21:03:51.737Z,5
6 months ago,2025-10-22T06:22:35.305Z,5
6 months ago,2025-10-21T18:43:36.306Z,5
Edited 6 months ago,2025-10-21T17:42:48.327Z,5
6 months ago,2025-10-21T15:10:26.470Z,4
6 months ago,2025-10-21T09:36:21.032Z,5
6 months ago,2025-10-20T19:07:15.567Z,5
6 months ago,2025-10-20T16:37:50.238Z,5
6 months ago,2025-10-20T15:54:41.925Z,5
6 months ago,2025-10-20T15:38:01.019Z,5
6 months ago,2025-10-20T15:07:29.433Z,5
6 months ago,2025-10-20T09:06:05.972Z,3
6 months ago,2025-10-20T02:07:14.623Z,5
6 months ago,2025-10-19T22:24:27.630Z,5
6 months ago,2025-10-19T07:13:32.776Z,5
6 months ago,2025-10-18T09:07:02.523Z,5
6 months ago,2025-10-17T21:22:45.618Z,5
6 months ago,2025-10-17T06:09:09.834Z,5
6 months ago,2025-10-16T09:15:26.591Z,5
Edited 6 months ago,2025-10-15T13:50:12.849Z,4
6 months ago,2025-10-15T11:28:13.147Z,5
6 months ago,2025-10-15T08:11:41.720Z,5
6 months ago,2025-10-15T07:37:09.251Z,5
6 months ago,2025-10-14T17:23:51.584Z,5
6 months ago,2025-10-11T22:43:52.267Z,5
6 months ago,2025-10-10T17:11:46.405Z,5
6 months ago,2025-10-10T13:25:59.096Z,5
6 months ago,2025-10-09T13:04:01.899Z,5
6 months ago,2025-10-09T11:32:28.486Z,5
6 months ago,2025-10-08T11:58:56.758Z,4
6 months ago,2025-10-08T11:21:49.100Z,5
6 months ago,2025-10-08T06:39:00.413Z,5
6 months ago,2025-10-08T05:47:44.886Z,5
Edited 6 months ago,2025-10-08T04:22:29.675Z,4
6 months ago,2025-10-08T03:43:46.104Z,5
6 months ago,2025-10-07T07:33:56.641Z,5
Edited 6 months ago,2025-10-05T18:13:19.999Z,5
6 months ago,2025-10-05T07:58:21.333Z,5
6 months ago,2025-10-05T02:57:52.660Z,5
6 months ago,2025-10-02T06:17:55.927Z,5
6 months ago,2025-10-01T17:26:36.377Z,5
6 months ago,2025-10-01T16:12:23.170Z,5
Edited 7 months ago,2025-09-30T15:57:11.196Z,5
7 months ago,2025-09-30T12:28:59.596Z,5
7 months ago,2025-09-29T13:27:57.760Z,5
7 months ago,2025-09-28T20:44:41.996Z,5
7 months ago,2025-09-28T16:18:10.954Z,5
7 months ago,2025-09-28T14:47:22.833Z,5
7 months ago,2025-09-27T20:26:18.575Z,5
7 months ago,2025-09-27T18:27:43.116Z,5
7 months ago,2025-09-27T06:12:18.926Z,5
7 months ago,2025-09-27T06:05:29.127Z,5
Edited 7 months ago,2025-09-26T20:48:37.691Z,5
7 months ago,2025-09-26T08:11:39.075Z,5
7 months ago,2025-09-25T21:09:17.440Z,5
7 months ago,2025-09-25T18:32:12.881Z,5
7 months ago,2025-09-25T17:57:08.231Z,5
7 months ago,2025-09-24T13:36:32.812Z,5
7 months ago,2025-09-24T08:09:18.199Z,5
7 months ago,2025-09-24T03:37:23.608Z,4
7 months ago,2025-09-23T11:19:05.834Z,5
7 months ago,2025-09-22T19:51:37.533Z,5
7 months ago,2025-09-22T17:30:29.682Z,5
7 months ago,2025-09-22T16:27:26.170Z,5
7 months ago,2025-09-22T15:02:51.111Z,5
7 months ago,2025-09-21T20:23:05.097Z,5
7 months ago,2025-09-21T06:17:39.987Z,5
7 months ago,2025-09-21T05:02:45.876Z,5
7 months ago,2025-09-20T20:54:02.399Z,4
7 months ago,2025-09-20T18:33:31.915Z,4
7 months ago,2025-09-19T23:29:16.839Z,4
7 months ago,2025-09-19T08:25:22.129Z,5
7 months ago,2025-09-18T20:59:45.877Z,5
7 months ago,2025-09-18T07:15:44.863Z,5
7 months ago,2025-09-16T19:30:02.253Z,5
7 months ago,2025-09-15T17:22:03.292Z,5
7 months ago,2025-09-15T13:24:25.284Z,4
7 months ago,2025-09-15T13:06:23.659Z,5
7 months ago,2025-09-14T22:43:12.605Z,5
7 months ago,2025-09-14T18:15:44.177Z,5
7 months ago,2025-09-14T15:05:08.849Z,5
7 months ago,2025-09-13T21:19:02.323Z,5
7 months ago,2025-09-13T19:52:43.327Z,5
Edited 7 months ago,2025-09-13T19:33:28.507Z,5
7 months ago,2025-09-13T19:25:14.277Z,5
7 months ago,2025-09-13T12:01:07.651Z,5
7 months ago,2025-09-12T17:52:12.831Z,5
7 months ago,2025-09-12T16:06:20.310Z,5
7 months ago,2025-09-12T04:10:56.666Z,5
7 months ago,2025-09-11T23:56:49.556Z,5
Edited 7 months ago,2025-09-11T14:19:38.379Z,3
7 months ago,2025-09-11T12:31:03.827Z,5
7 months ago,2025-09-11T12:08:46.962Z,5
7 months ago,2025-09-10T20:50:19.777Z,5
7 months ago,2025-09-10T14:09:28.409Z,5
7 months ago,2025-09-10T10:21:32.182Z,5
7 months ago,2025-09-09T19:31:55.311Z,5
7 months ago,2025-09-09T17:52:54.082Z,5
7 months ago,2025-09-08T20:50:45.783Z,5
7 months ago,2025-09-08T16:27:11.245Z,4
7 months ago,2025-09-08T12:46:16.161Z,5
7 months ago,2025-09-07T04:56:50.455Z,5
7 months ago,2025-09-06T21:07:33.948Z,3
7 months ago,2025-09-06T11:10:36.545Z,5
7 months ago,2025-09-06T09:39:38.764Z,5
7 months ago,2025-09-06T08:13:35.385Z,5
7 months ago,2025-09-05T16:55:17.929Z,5
7 months ago,2025-09-05T13:51:46.628Z,5
7 months ago,2025-09-04T16:50:14.225Z,5
7 months ago,2025-09-04T10:13:43.602Z,5
7 months ago,2025-09-04T10:02:52.562Z,5
7 months ago,2025-09-03T14:21:16.334Z,5
7 months ago,2025-09-03T11:53:26.716Z,5
7 months ago,2025-09-03T10:45:59.258Z,5
7 months ago,2025-09-02T14:28:45.599Z,5
7 months ago,2025-09-02T09:56:33.864Z,3
7 months ago,2025-09-02T08:59:28.588Z,5
7 months ago,2025-09-02T07:54:27.229Z,5
7 months ago,2025-09-01T22:29:08.253Z,5
7 months ago,2025-09-01T20:07:36.492Z,5
7 months ago,2025-09-01T17:46:05.474Z,5
7 months ago,2025-09-01T14:26:25.910Z,5
8 months ago,2025-09-01T09:06:59.908Z,5
8 months ago,2025-08-31T21:33:10.213Z,4
8 months ago,2025-08-31T19:29:23.599Z,5
8 months ago,2025-08-31T16:17:55.348Z,5
8 months ago,2025-08-31T14:12:21.183Z,1
8 months ago,2025-08-31T13:25:13.936Z,3
8 months ago,2025-08-31T00:41:20.179Z,5
8 months ago,2025-08-30T18:57:16.204Z,5
8 months ago,2025-08-30T18:03:43.537Z,5
8 months ago,2025-08-30T17:10:56.285Z,5
8 months ago,2025-08-30T12:26:45.419Z,5
8 months ago,2025-08-30T11:04:43.987Z,5
8 months ago,2025-08-30T10:48:59.038Z,5
8 months ago,2025-08-29T22:59:54.961Z,5
8 months ago,2025-08-29T09:45:49.490Z,1
8 months ago,2025-08-28T20:07:34.839Z,5
8 months ago,2025-08-28T19:47:06.775Z,5
8 months ago,2025-08-28T17:58:38.670Z,5
8 months ago,2025-08-28T14:20:53.464Z,5
8 months ago,2025-08-28T08:34:52.216Z,4
8 months ago,2025-08-27T21:21:04.831Z,5
8 months ago,2025-08-27T20:24:08.804Z,5
8 months ago,2025-08-27T14:01:11.357Z,5
8 months ago,2025-08-27T10:49:31.693Z,5
8 months ago,2025-08-27T06:19:56.094Z,5
8 months ago,2025-08-26T20:51:26.206Z,5
8 months ago,2025-08-26T19:02:36.496Z,4
8 months ago,2025-08-26T08:31:24.094Z,5
8 months ago,2025-08-25T22:38:31.663Z,5
8 months ago,2025-08-25T19:46:13.410Z,5
8 months ago,2025-08-25T12:56:01.579Z,5
8 months ago,2025-08-25T10:10:36.220Z,5
8 months ago,2025-08-25T06:02:09.434Z,5
8 months ago,2025-08-24T21:21:37.353Z,4
8 months ago,2025-08-24T20:45:25.533Z,5
8 months ago,2025-08-24T19:11:03.297Z,5
8 months ago,2025-08-24T14:38:06.328Z,5
8 months ago,2025-08-24T13:18:56.712Z,5
8 months ago,2025-08-24T10:55:02.638Z,5
8 months ago,2025-08-23T09:33:57.549Z,5
8 months ago,2025-08-22T08:08:10.694Z,5
8 months ago,2025-08-21T22:59:03.744Z,5
8 months ago,2025-08-21T20:55:40.703Z,5
8 months ago,2025-08-21T12:52:28.663Z,4
8 months ago,2025-08-21T12:48:33.357Z,5
8 months ago,2025-08-21T06:04:58.605Z,5
8 months ago,2025-08-20T16:19:00.914Z,5
8 months ago,2025-08-20T05:46:11.618Z,4
8 months ago,2025-08-19T21:28:42.796Z,5
8 months ago,2025-08-19T21:05:44.928Z,5
8 months ago,2025-08-19T19:00:59.092Z,5
8 months ago,2025-08-19T18:53:29.288Z,5
8 months ago,2025-08-19T15:57:13.061Z,4
8 months ago,2025-08-19T15:32:31.692Z,5
8 months ago,2025-08-19T12:50:31.710Z,5
8 months ago,2025-08-19T07:26:53.188Z,5
8 months ago,2025-08-19T03:07:12.971Z,5
8 months ago,2025-08-18T19:07:46.555Z,5
8 months ago,2025-08-18T15:32:24.786Z,5
8 months ago,2025-08-18T10:09:43.102Z,5
8 months ago,2025-08-18T06:39:32.449Z,5
8 months ago,2025-08-17T12:52:10.345Z,5
8 months ago,2025-08-17T09:49:59.493Z,3
8 months ago,2025-08-17T08:28:24.292Z,5
8 months ago,2025-08-17T07:06:06.419Z,2
8 months ago,2025-08-16T21:28:52.103Z,5
8 months ago,2025-08-16T20:50:55.925Z,5
8 months ago,2025-08-16T20:40:44.289Z,5
8 months ago,2025-08-16T20:00:33.473Z,5
8 months ago,2025-08-15T10:23:43.747Z,5
8 months ago,2025-08-14T21:08:38.863Z,5
8 months ago,2025-08-14T15:22:35.333Z,5
8 months ago,2025-08-14T13:37:05.834Z,5
8 months ago,2025-08-14T06:44:22.125Z,5
8 months ago,2025-08-13T20:43:16.884Z,5
8 months ago,2025-08-13T20:34:48.261Z,5
8 months ago,2025-08-13T19:04:54.490Z,5
8 months ago,2025-08-13T07:59:15.502Z,5
Edited 8 months ago,2025-08-13T03:42:49.393Z,5
8 months ago,2025-08-12T22:33:10.421Z,5
8 months ago,2025-08-12T20:00:38.231Z,5
8 months ago,2025-08-12T19:50:52.302Z,5
8 months ago,2025-08-12T19:48:58.692Z,1
8 months ago,2025-08-12T19:40:07.405Z,5
8 months ago,2025-08-12T11:19:20.491Z,5
8 months ago,2025-08-11T22:38:42.110Z,5
8 months ago,2025-08-10T19:17:42.968Z,5
8 months ago,2025-08-10T18:15:38.832Z,5
8 months ago,2025-08-10T16:19:26.562Z,4
8 months ago,2025-08-10T12:24:22.284Z,5
8 months ago,2025-08-10T07:12:47.280Z,5
8 months ago,2025-08-10T02:31:35.562Z,5
8 months ago,2025-08-09T19:50:14.141Z,4
8 months ago,2025-08-09T10:11:32.156Z,5
8 months ago,2025-08-09T07:04:21.173Z,5
8 months ago,2025-08-08T17:36:58.859Z,5
8 months ago,2025-08-08T13:04:51.681Z,5
8 months ago,2025-08-08T09:04:29.558Z,5
8 months ago,2025-08-08T07:07:57.316Z,4
8 months ago,2025-08-08T05:59:28.938Z,5
8 months ago,2025-08-07T22:21:31.096Z,5
8 months ago,2025-08-07T18:42:30.134Z,5
8 months ago,2025-08-07T10:33:17.386Z,5
8 months ago,2025-08-06T17:14:00.377Z,5
8 months ago,2025-08-05T20:48:45.413Z,5
8 months ago,2025-08-05T19:34:56.381Z,5
8 months ago,2025-08-05T16:40:10.002Z,5
8 months ago,2025-08-05T14:23:28.578Z,5
8 months ago,2025-08-05T09:51:11.051Z,3
Edited 8 months ago,2025-08-04T22:23:11.880Z,5
8 months ago,2025-08-04T21:27:56.173Z,5
8 months ago,2025-08-04T18:27:35.820Z,3
8 months ago,2025-08-04T17:01:31.279Z,5
8 months ago,2025-08-04T13:38:06.994Z,5
8 months ago,2025-08-04T08:35:08.346Z,5
8 months ago,2025-08-04T00:59:08.714Z,5
8 months ago,2025-08-03T18:49:26.226Z,5
8 months ago,2025-08-03T16:33:10.340Z,5
8 months ago,2025-08-03T10:48:20.337Z,5
8 months ago,2025-08-03T02:19:45.214Z,5
8 months ago,2025-08-02T21:50:22.630Z,5
8 months ago,2025-08-02T15:17:03.422Z,5
8 months ago,2025-08-02T12:21:43.196Z,5
8 months ago,2025-08-02T12:01:13.212Z,5
8 months ago,2025-08-02T11:33:54.505Z,5
8 months ago,2025-08-02T03:26:28.533Z,5
8 months ago,2025-08-01T18:37:33.126Z,4
9 months ago,2025-07-31T15:24:40.365Z,5
9 months ago,2025-07-31T09:22:48.433Z,5
9 months ago,2025-07-31T05:59:16.653Z,5
9 months ago,2025-07-30T19:16:14.907Z,5
9 months ago,2025-07-30T05:27:01.678Z,5
9 months ago,2025-07-29T21:18:03.680Z,5
9 months ago,2025-07-29T18:57:11.705Z,5
Edited 9 months ago,2025-07-29T18:21:41.505Z,5
9 months ago,2025-07-29T09:32:18.160Z,5
9 months ago,2025-07-28T17:51:53.189Z,5
9 months ago,2025-07-28T14:50:38.576Z,5
9 months ago,2025-07-28T08:55:45.675Z,5
9 months ago,2025-07-28T05:02:12.247Z,4
9 months ago,2025-07-27T20:12:09.143Z,5
9 months ago,2025-07-27T18:15:28.725Z,5
Edited 9 months ago,2025-07-27T11:36:24.462Z,5
9 months ago,2025-07-27T11:13:32.594Z,5
9 months ago,2025-07-27T05:20:54.274Z,5
9 months ago,2025-07-26T23:45:42.009Z,5
9 months ago,2025-07-26T22:16:33.529Z,5
9 months ago,2025-07-26T19:06:34.961Z,3
9 months ago,2025-07-26T13:23:51.112Z,5
9 months ago,2025-07-26T10:39:21.854Z,5
9 months ago,2025-07-25T22:58:13.101Z,5
9 months ago,2025-07-25T22:46:51.881Z,5
9 months ago,2025-07-25T16:50:19.909Z,5
9 months ago,2025-07-25T12:07:25.824Z,5
9 months ago,2025-07-25T07:11:51.218Z,5
9 months ago,2025-07-23T22:40:38.426Z,5
9 months ago,2025-07-23T20:18:32.751Z,1
9 months ago,2025-07-23T18:51:53.530Z,5
9 months ago,2025-07-23T17:16:38.853Z,5
9 months ago,2025-07-23T08:42:58.101Z,5
9 months ago,2025-07-22T18:55:43.380Z,5
9 months ago,2025-07-22T16:01:18.994Z,4
9 months ago,2025-07-22T15:32:02.241Z,5
9 months ago,2025-07-22T11:38:37.336Z,5
9 months ago,2025-07-22T10:55:11.371Z,5
9 months ago,2025-07-22T05:31:33.996Z,5
9 months ago,2025-07-21T19:21:50.464Z,5
9 months ago,2025-07-21T17:44:56.766Z,5
9 months ago,2025-07-20T15:44:39.114Z,5
9 months ago,2025-07-19T20:16:01.918Z,5
9 months ago,2025-07-19T17:09:50.879Z,5
9 months ago,2025-07-19T16:41:16.634Z,5
9 months ago,2025-07-19T15:59:23.720Z,5
9 months ago,2025-07-19T15:23:50.254Z,5
9 months ago,2025-07-19T14:38:38.767Z,4
9 months ago,2025-07-19T10:57:52.581Z,5
9 months ago,2025-07-19T02:08:42.394Z,5
9 months ago,2025-07-18T22:24:16.491Z,4
9 months ago,2025-07-18T21:01:38.121Z,5
Edited 9 months ago,2025-07-18T17:56:50.970Z,2
9 months ago,2025-07-18T13:25:46.259Z,5
9 months ago,2025-07-18T06:34:53.549Z,5
9 months ago,2025-07-17T22:04:54.221Z,4
9 months ago,2025-07-17T12:52:35.253Z,5
9 months ago,2025-07-17T10:17:46.508Z,4
Edited 9 months ago,2025-07-16T00:04:17.556Z,5
9 months ago,2025-07-15T18:00:17.942Z,5
9 months ago,2025-07-15T17:05:53.312Z,5
9 months ago,2025-07-15T08:53:57.592Z,5
9 months ago,2025-07-15T08:18:36.134Z,5
9 months ago,2025-07-15T07:35:14.033Z,4
9 months ago,2025-07-15T06:46:14.522Z,5
9 months ago,2025-07-15T06:08:30.511Z,5
9 months ago,2025-07-14T22:08:06.235Z,5
9 months ago,2025-07-14T21:12:00.899Z,5
9 months ago,2025-07-14T11:49:24.518Z,5
9 months ago,2025-07-14T05:43:39.025Z,5
9 months ago,2025-07-13T20:10:57.291Z,5
9 months ago,2025-07-13T17:05:39.509Z,5
9 months ago,2025-07-13T14:34:49.219Z,5
9 months ago,2025-07-13T11:48:14.039Z,3
9 months ago,2025-07-13T09:11:30.134Z,4
9 months ago,2025-07-13T05:56:42.112Z,5
9 months ago,2025-07-13T05:17:16.030Z,5
9 months ago,2025-07-12T19:50:46.655Z,5
9 months ago,2025-07-12T19:41:35.632Z,5
9 months ago,2025-07-12T03:10:32.526Z,5
9 months ago,2025-07-11T22:18:22.313Z,4
9 months ago,2025-07-11T20:07:54.758Z,5
9 months ago,2025-07-10T07:49:32.349Z,5
9 months ago,2025-07-09T13:30:16.042Z,5
9 months ago,2025-07-09T02:24:56.785Z,5
9 months ago,2025-07-08T19:07:36.478Z,5
9 months ago,2025-07-08T12:36:44.897Z,5
9 months ago,2025-07-07T15:33:57.110Z,5
9 months ago,2025-07-07T15:09:31.085Z,5
9 months ago,2025-07-07T07:47:53.732Z,5
9 months ago,2025-07-06T20:54:04.154Z,5
9 months ago,2025-07-05T19:23:55.992Z,5
9 months ago,2025-07-04T22:09:03.907Z,5
9 months ago,2025-07-04T17:43:09.067Z,5
9 months ago,2025-07-04T12:21:00.707Z,5
9 months ago,2025-07-04T08:12:35.344Z,5
9 months ago,2025-07-03T21:52:02.971Z,5
9 months ago,2025-07-03T21:24:55.768Z,5
9 months ago,2025-07-03T19:38:56.241Z,5
9 months ago,2025-07-03T13:24:57.492Z,5
9 months ago,2025-07-03T09:07:45.508Z,5
9 months ago,2025-07-03T05:34:17.902Z,5
9 months ago,2025-07-02T13:24:59.963Z,5
9 months ago,2025-07-02T09:27:01.913Z,5
9 months ago,2025-07-02T09:18:16.911Z,5
9 months ago,2025-07-01T18:27:15.984Z,5
10 months ago,2025-07-01T08:35:27.967Z,5
10 months ago,2025-06-30T11:43:51.620Z,5
10 months ago,2025-06-29T13:25:58.514Z,4
10 months ago,2025-06-29T02:36:26.819Z,4
10 months ago,2025-06-28T18:09:00.927Z,5
10 months ago,2025-06-28T15:44:36.505Z,5
10 months ago,2025-06-28T10:35:21.701Z,5
10 months ago,2025-06-27T11:27:01.574Z,5
10 months ago,2025-06-27T04:57:39.144Z,5
10 months ago,2025-06-26T14:13:58.908Z,5
10 months ago,2025-06-26T12:37:18.718Z,5
10 months ago,2025-06-26T12:11:59.983Z,5
10 months ago,2025-06-26T10:17:41.012Z,4
Edited 10 months ago,2025-06-26T08:05:36.102Z,5
10 months ago,2025-06-26T07:53:39.173Z,5
10 months ago,2025-06-25T20:08:19.616Z,5
10 months ago,2025-06-25T15:25:04.321Z,5
10 months ago,2025-06-25T11:41:25.061Z,5
10 months ago,2025-06-24T19:58:32.418Z,4
10 months ago,2025-06-24T13:56:18.504Z,5
10 months ago,2025-06-24T10:55:49.651Z,4
10 months ago,2025-06-23T19:17:48.861Z,5
10 months ago,2025-06-23T16:10:54.006Z,5
10 months ago,2025-06-23T16:01:23.187Z,5
10 months ago,2025-06-23T12:19:17.319Z,5
10 months ago,2025-06-23T11:05:16.969Z,5
10 months ago,2025-06-22T15:22:06.367Z,5
10 months ago,2025-06-22T11:05:46.699Z,5
10 months ago,2025-06-21T21:19:19.199Z,5
10 months ago,2025-06-20T17:58:50.253Z,1
10 months ago,2025-06-19T19:04:02.014Z,5
10 months ago,2025-06-19T17:11:09.074Z,5
10 months ago,2025-06-19T16:35:34.921Z,5
10 months ago,2025-06-19T13:14:40.683Z,5
10 months ago,2025-06-19T09:25:39.411Z,2
10 months ago,2025-06-19T08:18:02.409Z,5
10 months ago,2025-06-19T04:58:28.168Z,5
10 months ago,2025-06-19T03:11:59.975Z,5
10 months ago,2025-06-18T20:33:34.222Z,5
10 months ago,2025-06-17T20:02:46.954Z,5
10 months ago,2025-06-17T19:38:35.832Z,5
10 months ago,2025-06-17T17:34:02.021Z,5
10 months ago,2025-06-17T10:18:31.031Z,4
10 months ago,2025-06-17T09:43:44.463Z,5
10 months ago,2025-06-17T08:08:16.813Z,5
10 months ago,2025-06-16T16:32:57.418Z,5
10 months ago,2025-06-16T13:32:43.503Z,5
Edited 10 months ago,2025-06-16T11:41:33.204Z,5
10 months ago,2025-06-16T08:46:05.958Z,5
10 months ago,2025-06-15T21:31:05.051Z,5
10 months ago,2025-06-15T20:28:53.057Z,5
10 months ago,2025-06-15T18:45:08.327Z,5
Edited 10 months ago,2025-06-15T04:31:51.679Z,5
10 months ago,2025-06-14T10:04:43.022Z,5
10 months ago,2025-06-12T16:53:28.097Z,5
10 months ago,2025-06-12T15:35:31.054Z,5
10 months ago,2025-06-12T15:10:10.785Z,5
10 months ago,2025-06-12T10:27:44.725Z,5
10 months ago,2025-06-11T17:15:28.037Z,1
10 months ago,2025-06-11T15:13:54.171Z,5
Edited 10 months ago,2025-06-11T07:03:20.076Z,5
10 months ago,2025-06-10T20:43:50.898Z,5
10 months ago,2025-06-10T18:29:42.584Z,5
10 months ago,2025-06-10T06:25:57.245Z,5
10 months ago,2025-06-09T22:58:45.160Z,5
10 months ago,2025-06-09T21:17:50.434Z,5
10 months ago,2025-06-09T20:14:49.021Z,5
10 months ago,2025-06-09T16:11:57.932Z,5
10 months ago,2025-06-09T15:30:42.749Z,4
10 months ago,2025-06-09T15:27:16.530Z,4
10 months ago,2025-06-09T11:49:49.278Z,5
Edited 10 months ago,2025-06-09T09:02:43.082Z,4
10 months ago,2025-06-09T06:57:49.174Z,5
10 months ago,2025-06-09T06:25:56.985Z,5
10 months ago,2025-06-09T00:11:03.497Z,5
10 months ago,2025-06-08T21:20:33.667Z,5
10 months ago,2025-06-08T16:14:41.532Z,5
10 months ago,2025-06-08T14:25:28.984Z,5
10 months ago,2025-06-08T10:48:39.656Z,5
10 months ago,2025-06-07T22:04:04.857Z,5
10 months ago,2025-06-07T19:49:23.541Z,5
10 months ago,2025-06-07T19:25:23.424Z,5
10 months ago,2025-06-07T19:22:58.747Z,5
10 months ago,2025-06-07T13:13:09.394Z,5
10 months ago,2025-06-06T18:24:27.439Z,5
10 months ago,2025-06-06T08:35:16.773Z,4
10 months ago,2025-06-05T21:46:48.776Z,5
10 months ago,2025-06-05T07:43:27.110Z,5
Edited 10 months ago,2025-06-04T06:13:17.051Z,5
10 months ago,2025-06-03T18:55:59.558Z,5
10 months ago,2025-06-03T04:47:42.221Z,5
10 months ago,2025-06-02T09:36:57.739Z,4
10 months ago,2025-06-01T14:36:18.652Z,5
11 months ago,2025-06-01T09:24:09.648Z,5
11 months ago,2025-05-31T11:15:40.006Z,5
11 months ago,2025-05-31T09:30:01.453Z,5
11 months ago,2025-05-31T04:07:32.526Z,5
11 months ago,2025-05-29T07:56:41.989Z,5
11 months ago,2025-05-28T09:38:30.540Z,5
11 months ago,2025-05-27T20:47:02.275Z,5
11 months ago,2025-05-27T06:44:13.870Z,5
11 months ago,2025-05-26T19:12:53.054Z,4
11 months ago,2025-05-26T18:07:25.420Z,5
11 months ago,2025-05-26T15:09:49.382Z,5
11 months ago,2025-05-25T12:36:21.129Z,5
11 months ago,2025-05-24T21:28:31.524Z,5
11 months ago,2025-05-22T20:03:55.856Z,5
11 months ago,2025-05-22T10:43:12.087Z,5
11 months ago,2025-05-21T12:00:58.522Z,5
11 months ago,2025-05-20T17:47:34.749Z,5
11 months ago,2025-05-19T17:12:11.605Z,5
11 months ago,2025-05-19T13:06:31.669Z,4
11 months ago,2025-05-18T18:53:03.051Z,5
11 months ago,2025-05-17T21:16:01.210Z,5
Edited 11 months ago,2025-05-17T18:55:17.552Z,5
11 months ago,2025-05-17T12:03:27.686Z,5
11 months ago,2025-05-15T19:41:48.164Z,5
11 months ago,2025-05-15T16:54:20.108Z,5
11 months ago,2025-05-12T16:47:03.608Z,5
11 months ago,2025-05-11T22:16:04.518Z,5
11 months ago,2025-05-11T20:10:23.872Z,5
11 months ago,2025-05-11T14:41:35.269Z,4
11 months ago,2025-05-11T05:14:43.385Z,5
11 months ago,2025-05-10T19:35:36.188Z,5
11 months ago,2025-05-10T05:51:19.165Z,4
11 months ago,2025-05-09T08:00:55.499Z,5
11 months ago,2025-05-07T19:30:40.553Z,5
11 months ago,2025-05-05T15:53:46.474Z,5
11 months ago,2025-05-04T10:40:29.521Z,4
11 months ago,2025-05-04T05:19:06.261Z,5
11 months ago,2025-05-02T12:19:44.072Z,5
a year ago,2025-05-01T11:24:29.515Z,4
a year ago,2025-04-29T13:20:53.377Z,3
Edited a year ago,2025-04-29T00:44:35.051Z,4
a year ago,2025-04-28T17:04:17.493Z,4
a year ago,2025-04-27T16:28:38.170Z,5
a year ago,2025-04-27T08:56:28.234Z,5
a year ago,2025-04-27T05:57:11.292Z,4
a year ago,2025-04-26T15:10:15.745Z,5
a year ago,2025-04-26T11:37:39.580Z,5
a year ago,2025-04-26T08:58:20.769Z,2
a year ago,2025-04-24T12:59:47.461Z,5
a year ago,2025-04-24T11:57:44.330Z,5
a year ago,2025-04-23T17:56:08.218Z,5
a year ago,2025-04-23T17:13:08.745Z,5
a year ago,2025-04-21T20:20:00.431Z,5
a year ago,2025-04-21T09:13:07.014Z,5
a year ago,2025-04-21T07:34:41.605Z,5
a year ago,2025-04-19T07:20:10.607Z,5
a year ago,2025-04-18T01:08:12.471Z,5
a year ago,2025-04-17T13:31:33.095Z,5
a year ago,2025-04-16T23:14:19.257Z,5
a year ago,2025-04-16T18:48:41.271Z,5
a year ago,2025-04-16T11:00:16.196Z,5
a year ago,2025-04-16T10:48:08.987Z,5
a year ago,2025-04-16T08:14:07.469Z,5
a year ago,2025-04-15T05:43:24.418Z,5
a year ago,2025-04-13T21:38:35.546Z,5
a year ago,2025-04-13T19:53:16.847Z,5
a year ago,2025-04-13T09:09:08.476Z,5
a year ago,2025-04-12T08:35:22.819Z,5
a year ago,2025-04-11T14:25:44.526Z,5
a year ago,2025-04-09T21:00:24.594Z,5
a year ago,2025-04-09T17:29:31.785Z,5
a year ago,2025-04-07T20:52:42.378Z,4
a year ago,2025-04-07T16:53:12.288Z,5
a year ago,2025-04-06T21:49:50.412Z,5
a year ago,2025-04-06T19:54:43.696Z,5
a year ago,2025-04-05T20:06:47.156Z,5
a year ago,2025-04-05T10:55:49.643Z,5
a year ago,2025-04-04T08:08:36.648Z,1
a year ago,2025-04-03T17:52:52.060Z,5
a year ago,2025-04-03T08:39:48.807Z,5
a year ago,2025-04-01T16:13:36.825Z,5
a year ago,2025-04-01T08:15:31.528Z,5
a year ago,2025-03-31T00:14:14.530Z,5
a year ago,2025-03-29T12:04:42.528Z,5
a year ago,2025-03-27T15:33:33.901Z,4
a year ago,2025-03-27T04:08:18.023Z,5
a year ago,2025-03-27T00:01:53.439Z,5
a year ago,2025-03-24T18:05:04.765Z,4
a year ago,2025-03-22T14:49:33.256Z,5
a year ago,2025-03-21T17:42:18.743Z,5
a year ago,2025-03-18T13:30:50.533Z,5
a year ago,2025-03-18T11:54:49.302Z,5
a year ago,2025-03-17T15:48:13.916Z,5
a year ago,2025-03-17T14:53:36.012Z,5
a year ago,2025-03-16T20:54:40.450Z,5
a year ago,2025-03-16T04:43:23.391Z,5
a year ago,2025-03-15T16:43:57.791Z,5
a year ago,2025-03-13T18:09:23.888Z,3
a year ago,2025-03-13T06:47:05.709Z,5
a year ago,2025-03-10T05:02:02.503Z,5
a year ago,2025-03-09T15:43:01.965Z,5
a year ago,2025-03-09T14:19:07.046Z,5
a year ago,2025-03-09T12:35:36.167Z,5
a year ago,2025-03-09T12:34:56.500Z,5
a year ago,2025-03-05T22:20:43.776Z,5
a year ago,2025-03-05T01:53:51.149Z,5
a year ago,2025-03-02T19:26:51.330Z,5
a year ago,2025-03-01T19:08:53.138Z,5
a year ago,2025-03-01T17:46:10.352Z,4
a year ago,2025-02-27T06:36:32.012Z,5
a year ago,2025-02-26T21:03:43.376Z,5
a year ago,2025-02-26T09:30:16.390Z,5
a year ago,2025-02-24T09:44:54.649Z,2
a year ago,2025-02-24T07:40:51.767Z,5
a year ago,2025-02-23T16:07:48.252Z,5
a year ago,2025-02-22T19:49:39.581Z,5
a year ago,2025-02-22T14:09:39.690Z,5
a year ago,2025-02-21T10:27:19.197Z,5
a year ago,2025-02-21T09:50:47.846Z,5
a year ago,2025-02-20T08:10:15.113Z,5
a year ago,2025-02-19T19:54:41.722Z,5
a year ago,2025-02-18T11:10:58.569Z,4
a year ago,2025-02-18T09:06:03.246Z,5
a year ago,2025-02-17T18:41:22.631Z,5
a year ago,2025-02-14T19:14:54.404Z,5
a year ago,2025-02-14T09:17:55.586Z,5
a year ago,2025-02-13T07:34:34.335Z,5
a year ago,2025-02-12T22:23:09.317Z,5
a year ago,2025-02-12T22:14:27.413Z,5
Edited a year ago,2025-02-11T10:44:42.642Z,5
a year ago,2025-02-11T00:42:26.298Z,5
a year ago,2025-02-10T10:31:29.025Z,5
a year ago,2025-02-09T15:18:21.095Z,5
a year ago,2025-02-09T13:54:06.266Z,4
a year ago,2025-02-09T08:50:10.392Z,5
a year ago,2025-02-09T07:21:05.429Z,5
a year ago,2025-02-08T19:19:18.009Z,5
a year ago,2025-02-08T17:05:03.109Z,4
a year ago,2025-02-08T14:17:19.198Z,5
a year ago,2025-02-07T02:31:04.893Z,5
a year ago,2025-02-06T11:35:36.324Z,5
a year ago,2025-02-06T09:31:14.280Z,5
a year ago,2025-02-05T05:48:46.393Z,4
a year ago,2025-02-04T09:31:22.362Z,5
a year ago,2025-02-03T19:37:44.871Z,5
a year ago,2025-02-03T14:04:26.238Z,5
a year ago,2025-02-03T10:42:34.978Z,5
a year ago,2025-02-02T10:58:35.130Z,5
a year ago,2025-02-02T10:26:26.618Z,5
a year ago,2025-02-02T10:22:36.471Z,5
a year ago,2025-02-01T19:59:07.864Z,5
a year ago,2025-02-01T12:55:08.142Z,5
a year ago,2025-02-01T09:17:57.905Z,5
a year ago,2025-01-30T21:09:30.369Z,5
Edited a year ago,2025-01-30T13:25:55.103Z,5
a year ago,2025-01-29T19:42:40.874Z,5
a year ago,2025-01-29T19:19:13.243Z,5
a year ago,2025-01-29T13:22:25.598Z,5
a year ago,2025-01-28T11:13:12.012Z,5
a year ago,2025-01-28T07:29:15.581Z,5
a year ago,2025-01-27T12:33:50.296Z,5
a year ago,2025-01-27T08:55:08.405Z,5
a year ago,2025-01-25T20:41:42.802Z,5
a year ago,2025-01-25T16:56:59.832Z,5
a year ago,2025-01-25T15:14:55.773Z,5
a year ago,2025-01-24T22:44:09.083Z,4
Edited a year ago,2025-01-24T17:06:07.138Z,4
a year ago,2025-01-24T11:39:01.980Z,5
a year ago,2025-01-24T11:23:55.506Z,5
a year ago,2025-01-23T18:24:59.797Z,5
a year ago,2025-01-23T07:12:24.221Z,5
a year ago,2025-01-22T21:59:40.741Z,5
Edited a year ago,2025-01-22T10:36:33.023Z,5
a year ago,2025-01-22T07:03:17.516Z,5
a year ago,2025-01-21T14:43:03.170Z,5
a year ago,2025-01-20T20:15:41.846Z,5
a year ago,2025-01-20T19:05:15.966Z,5
a year ago,2025-01-20T17:41:11.891Z,5
a year ago,2025-01-20T15:26:05.062Z,5
a year ago,2025-01-19T08:59:46.134Z,5
a year ago,2025-01-18T21:29:13.724Z,5
a year ago,2025-01-18T19:50:45.731Z,5
a year ago,2025-01-18T13:09:54.640Z,5
a year ago,2025-01-18T12:50:31.668Z,5
a year ago,2025-01-16T13:33:57.762Z,5
a year ago,2025-01-16T12:51:14.612Z,4
a year ago,2025-01-16T10:28:33.590Z,5
a year ago,2025-01-16T04:29:34.200Z,5
a year ago,2025-01-14T19:58:07.342Z,5
a year ago,2025-01-14T13:50:09.142Z,5
a year ago,2025-01-14T13:08:07.985Z,5
a year ago,2025-01-13T21:05:48.628Z,5
a year ago,2025-01-13T18:22:19.274Z,5
a year ago,2025-01-11T23:40:43.854Z,5
a year ago,2025-01-11T11:14:12.455Z,5
a year ago,2025-01-11T08:26:30.272Z,5
a year ago,2025-01-10T18:29:58.749Z,5
a year ago,2025-01-10T17:38:53.583Z,5
a year ago,2025-01-10T06:44:36.553Z,5
a year ago,2025-01-09T08:59:49.840Z,5
Edited a year ago,2025-01-09T03:10:51.238Z,5
a year ago,2025-01-08T20:43:07.325Z,4
a year ago,2025-01-07T18:22:42.825Z,5
a year ago,2025-01-07T12:36:52.885Z,5
a year ago,2025-01-05T18:20:29.252Z,5
a year ago,2025-01-05T15:33:58.574Z,3
a year ago,2025-01-05T10:30:06.852Z,5
Edited a year ago,2025-01-03T20:28:42.625Z,5
a year ago,2025-01-02T22:30:25.390Z,5
a year ago,2025-01-02T17:24:26.337Z,5
a year ago,2025-01-02T12:09:56.519Z,5
a year ago,2025-01-02T10:00:31.284Z,5
a year ago,2025-01-02T06:21:32.068Z,3
a year ago,2025-01-01T20:29:41.842Z,5
a year ago,2025-01-01T20:16:10.233Z,5
a year ago,2025-01-01T19:29:47.199Z,4
a year ago,2024-12-31T17:46:21.229Z,5
a year ago,2024-12-29T12:33:15.006Z,5
a year ago,2024-12-28T22:15:17.195Z,5
a year ago,2024-12-28T16:03:12.585Z,5
a year ago,2024-12-26T17:04:13.855Z,5
a year ago,2024-12-25T16:02:25.478Z,5
a year ago,2024-12-24T20:26:49.020Z,5
a year ago,2024-12-23T22:02:31.470Z,5
a year ago,2024-12-23T19:55:16.821Z,3
a year ago,2024-12-23T13:28:06.435Z,5
a year ago,2024-12-23T11:07:37.531Z,5
a year ago,2024-12-22T21:32:33.518Z,5
a year ago,2024-12-20T18:05:41.383Z,4
a year ago,2024-12-19T16:39:39.615Z,5
a year ago,2024-12-18T21:06:30.261Z,5
a year ago,2024-12-18T13:13:49.545Z,4
a year ago,2024-12-15T18:33:36.926Z,5
a year ago,2024-12-14T18:57:45.133Z,5
a year ago,2024-12-14T10:14:16.102Z,5
a year ago,2024-12-14T06:17:15.299Z,5
a year ago,2024-12-14T04:48:32.720Z,5
a year ago,2024-12-13T15:33:26.871Z,5
a year ago,2024-12-12T14:33:04.499Z,2
a year ago,2024-12-10T16:21:22.923Z,5
a year ago,2024-12-09T23:31:58.941Z,5
a year ago,2024-12-09T17:45:56.822Z,5
a year ago,2024-12-09T17:30:11.280Z,5
a year ago,2024-12-09T13:32:22.110Z,5
a year ago,2024-12-08T21:24:38.109Z,5
a year ago,2024-12-08T13:31:08.383Z,5
a year ago,2024-12-08T13:25:35.042Z,5
a year ago,2024-12-07T20:28:01.426Z,5
a year ago,2024-12-07T19:56:23.255Z,5
a year ago,2024-12-07T19:23:05.102Z,5
a year ago,2024-12-07T12:03:04.048Z,5
a year ago,2024-12-07T09:29:10.703Z,5
a year ago,2024-12-05T15:22:01.654Z,5
a year ago,2024-12-04T16:33:29.127Z,5
a year ago,2024-12-04T15:49:18.200Z,5
a year ago,2024-12-03T11:05:01.888Z,5
Edited a year ago,2024-12-03T08:37:16.927Z,4
a year ago,2024-12-03T07:32:30.430Z,5
a year ago,2024-12-01T20:58:52.148Z,5
a year ago,2024-12-01T18:29:28.231Z,5
a year ago,2024-12-01T13:29:23.388Z,4
a year ago,2024-11-30T21:32:06.534Z,5
a year ago,2024-11-29T18:48:17.671Z,5
a year ago,2024-11-27T18:23:27.539Z,5
a year ago,2024-11-27T09:25:14.071Z,5
a year ago,2024-11-25T23:03:35.695Z,3
a year ago,2024-11-25T16:13:47.266Z,5
a year ago,2024-11-24T15:51:18.039Z,5
a year ago,2024-11-23T19:53:00.369Z,5
a year ago,2024-11-22T10:11:57.288Z,5
a year ago,2024-11-22T06:06:47.797Z,5
a year ago,2024-11-21T16:50:10.541Z,5
Edited a year ago,2024-11-21T15:13:36.711Z,5
a year ago,2024-11-20T22:31:06.805Z,5
a year ago,2024-11-20T20:49:54.883Z,5
a year ago,2024-11-20T08:41:56.702Z,5
a year ago,2024-11-19T18:25:00.608Z,5
a year ago,2024-11-19T13:11:14.027Z,5
a year ago,2024-11-18T21:22:27.621Z,5
a year ago,2024-11-18T20:30:20.109Z,5
a year ago,2024-11-18T19:58:40.635Z,4
a year ago,2024-11-17T15:01:09.689Z,5
a year ago,2024-11-17T14:45:11.013Z,5
a year ago,2024-11-17T08:23:28.796Z,5
a year ago,2024-11-17T08:20:04.155Z,5
a year ago,2024-11-17T03:53:07.198Z,5
a year ago,2024-11-16T23:58:53.779Z,5
a year ago,2024-11-16T21:30:01.335Z,5
a year ago,2024-11-16T15:58:33.574Z,4
a year ago,2024-11-15T18:23:11.949Z,5
a year ago,2024-11-15T18:14:13.329Z,5
a year ago,2024-11-15T14:16:43.509Z,5
a year ago,2024-11-14T18:30:11.257Z,5
a year ago,2024-11-14T11:39:49.085Z,5
a year ago,2024-11-13T19:37:38.377Z,5
a year ago,2024-11-13T19:36:18.096Z,3
a year ago,2024-11-13T19:11:35.635Z,5
a year ago,2024-11-13T18:27:18.922Z,5
a year ago,2024-11-13T17:52:40.520Z,5
a year ago,2024-11-13T17:43:13.410Z,3
a year ago,2024-11-12T12:42:46.793Z,5
a year ago,2024-11-12T08:50:50.101Z,5
a year ago,2024-11-12T07:20:31.977Z,5
a year ago,2024-11-12T06:41:43.159Z,5
a year ago,2024-11-12T05:49:54.573Z,4
a year ago,2024-11-12T05:14:48.119Z,5
a year ago,2024-11-11T19:51:37.655Z,5
a year ago,2024-11-11T19:03:05.232Z,5
a year ago,2024-11-10T16:26:11.187Z,5
a year ago,2024-11-10T12:20:31.406Z,5
a year ago,2024-11-10T11:12:15.541Z,5
a year ago,2024-11-10T07:50:25.416Z,2
a year ago,2024-11-10T05:03:46.760Z,4
a year ago,2024-11-09T20:21:03.023Z,4
a year ago,2024-11-09T17:37:21.617Z,5
a year ago,2024-11-09T12:05:06.539Z,5
a year ago,2024-11-09T05:50:38.046Z,5
a year ago,2024-11-08T15:04:31.269Z,5
a year ago,2024-11-08T10:07:20.855Z,4
a year ago,2024-11-06T17:03:18.198Z,5
a year ago,2024-11-05T15:42:42.901Z,4
a year ago,2024-11-05T05:57:19.371Z,5
a year ago,2024-11-05T00:51:06.634Z,5
a year ago,2024-11-04T19:47:36.379Z,5
a year ago,2024-11-04T18:29:48.518Z,5
a year ago,2024-11-03T21:42:22.233Z,5
a year ago,2024-11-03T18:16:17.100Z,5
a year ago,2024-11-03T15:35:21.122Z,5
a year ago,2024-11-02T14:14:00.049Z,5
a year ago,2024-11-01T21:20:03.705Z,5
a year ago,2024-11-01T07:30:18.030Z,5
a year ago,2024-11-01T06:48:08.811Z,5
a year ago,2024-11-01T06:00:22.535Z,5
a year ago,2024-10-31T15:34:16.021Z,5
a year ago,2024-10-31T14:32:42.569Z,5
a year ago,2024-10-31T12:40:00.464Z,4
a year ago,2024-10-30T22:30:07.672Z,5
a year ago,2024-10-30T10:22:29.869Z,5
a year ago,2024-10-30T09:32:33.392Z,5
a year ago,2024-10-30T05:22:43.560Z,5
Edited a year ago,2024-10-29T17:54:07.804Z,5
a year ago,2024-10-28T20:01:41.739Z,5
a year ago,2024-10-28T16:57:20.507Z,5
a year ago,2024-10-28T09:21:48.662Z,4
a year ago,2024-10-27T20:58:16.640Z,5
a year ago,2024-10-27T19:44:08.211Z,5
a year ago,2024-10-27T17:31:31.711Z,4
a year ago,2024-10-26T06:01:17.490Z,5
a year ago,2024-10-25T18:07:13.359Z,5
a year ago,2024-10-25T10:47:47.447Z,5
a year ago,2024-10-24T16:33:56.826Z,5
a year ago,2024-10-24T08:33:26.224Z,5
a year ago,2024-10-23T11:39:30.428Z,5
a year ago,2024-10-22T19:22:26.737Z,5
a year ago,2024-10-22T17:36:07.139Z,5
a year ago,2024-10-22T16:04:48.517Z,5
a year ago,2024-10-20T19:59:26.679Z,5
a year ago,2024-10-20T19:01:25.131Z,4
a year ago,2024-10-20T13:57:16.174Z,4
a year ago,2024-10-20T11:10:27.928Z,5
a year ago,2024-10-20T08:27:18.237Z,5
a year ago,2024-10-19T08:49:17.308Z,5
a year ago,2024-10-18T17:21:16.962Z,5
a year ago,2024-10-17T11:44:02.747Z,5
a year ago,2024-10-17T08:28:18.772Z,5
a year ago,2024-10-16T18:46:48.845Z,3
Edited a year ago,2024-10-16T16:38:35.467Z,5
a year ago,2024-10-16T08:25:05.146Z,5
a year ago,2024-10-15T23:34:57.576Z,5
a year ago,2024-10-15T15:52:54.828Z,5
a year ago,2024-10-15T07:58:11.188Z,5
a year ago,2024-10-15T07:10:42.196Z,5
a year ago,2024-10-15T06:41:29.364Z,3
a year ago,2024-10-15T05:43:25.946Z,4
a year ago,2024-10-14T20:02:40.878Z,5
a year ago,2024-10-14T01:42:48.339Z,5
a year ago,2024-10-13T21:10:12.005Z,5
a year ago,2024-10-13T14:26:48.532Z,5
a year ago,2024-10-11T20:34:10.749Z,5
a year ago,2024-10-10T11:25:09.244Z,5
a year ago,2024-10-09T21:52:37.509Z,5
a year ago,2024-10-09T21:48:47.955Z,5
a year ago,2024-10-09T18:00:00.126Z,4
a year ago,2024-10-09T09:14:07.361Z,5
a year ago,2024-10-08T16:16:39.797Z,5
a year ago,2024-10-07T13:36:11.502Z,4
a year ago,2024-10-05T20:41:49.781Z,4
Edited a year ago,2024-10-05T09:21:27.678Z,5
Edited a year ago,2024-10-05T08:37:07.537Z,5
a year ago,2024-10-04T21:47:35.152Z,5
a year ago,2024-10-04T11:35:09.070Z,5
a year ago,2024-10-03T16:38:46.943Z,5
a year ago,2024-10-03T15:59:44.979Z,5
a year ago,2024-10-02T18:28:03.579Z,5
a year ago,2024-10-02T06:28:12.060Z,5
a year ago,2024-10-01T21:35:54.927Z,5
a year ago,2024-09-30T18:14:02.599Z,5
a year ago,2024-09-30T04:15:45.218Z,5
a year ago,2024-09-28T17:03:08.921Z,5
a year ago,2024-09-28T10:29:01.407Z,5
a year ago,2024-09-28T00:37:09.444Z,4
a year ago,2024-09-27T19:13:10.376Z,5
a year ago,2024-09-27T06:29:21.840Z,5
a year ago,2024-09-26T19:47:40.893Z,5
a year ago,2024-09-26T18:24:38.740Z,5
a year ago,2024-09-26T08:50:32.088Z,5
a year ago,2024-09-25T17:31:55.770Z,5
a year ago,2024-09-25T09:49:45.312Z,5
a year ago,2024-09-24T18:04:02.329Z,5
a year ago,2024-09-24T16:33:52.319Z,3
a year ago,2024-09-24T09:56:45.499Z,5
a year ago,2024-09-23T19:13:34.660Z,5
a year ago,2024-09-23T02:44:59.571Z,5
a year ago,2024-09-22T19:45:03.688Z,5
a year ago,2024-09-22T19:35:46.812Z,5
a year ago,2024-09-22T08:42:04.096Z,5
a year ago,2024-09-22T06:28:51.590Z,5
a year ago,2024-09-21T18:45:14.963Z,5
a year ago,2024-09-21T14:00:39.857Z,5
a year ago,2024-09-20T15:06:39.111Z,4
a year ago,2024-09-19T16:24:52.315Z,5
a year ago,2024-09-18T17:44:47.281Z,5
a year ago,2024-09-18T01:28:45.668Z,1
a year ago,2024-09-17T19:54:01.552Z,5
a year ago,2024-09-17T19:25:39.538Z,5
a year ago,2024-09-17T17:45:40.291Z,5
a year ago,2024-09-17T12:46:23.388Z,5
a year ago,2024-09-17T11:45:56.534Z,4
a year ago,2024-09-16T23:28:21.323Z,5
a year ago,2024-09-16T11:50:28.425Z,5
a year ago,2024-09-15T21:03:30.205Z,5
a year ago,2024-09-15T17:34:08.545Z,5
a year ago,2024-09-15T17:11:12.878Z,5
Edited a year ago,2024-09-15T13:23:39.997Z,4
a year ago,2024-09-15T11:59:20.990Z,5
a year ago,2024-09-14T17:17:04.362Z,5
a year ago,2024-09-14T15:00:00.510Z,5
a year ago,2024-09-14T12:05:17.442Z,5
a year ago,2024-09-14T07:00:53.057Z,5
a year ago,2024-09-13T11:06:05.425Z,5
a year ago,2024-09-12T21:31:48.910Z,5
a year ago,2024-09-11T18:20:06.249Z,5
a year ago,2024-09-11T16:54:19.165Z,5
a year ago,2024-09-11T06:16:40.406Z,5
a year ago,2024-09-11T06:00:40.021Z,5
a year ago,2024-09-11T05:17:44.343Z,4
a year ago,2024-09-11T03:05:10.350Z,5
a year ago,2024-09-10T22:14:55.273Z,5
Edited a year ago,2024-09-10T10:37:00.685Z,5
a year ago,2024-09-10T03:38:02.735Z,5
a year ago,2024-09-09T17:48:04.170Z,5
a year ago,2024-09-09T09:48:52.066Z,5
a year ago,2024-09-08T19:07:43.148Z,5
a year ago,2024-09-08T14:22:07.485Z,4
a year ago,2024-09-08T07:35:16.675Z,5
a year ago,2024-09-07T20:06:23.665Z,5
a year ago,2024-09-07T20:00:35.378Z,4
a year ago,2024-09-07T19:35:35.953Z,5
a year ago,2024-09-07T18:11:15.401Z,1
a year ago,2024-09-07T17:31:06.066Z,3
a year ago,2024-09-07T15:03:10.788Z,4
a year ago,2024-09-07T13:33:05.648Z,5
a year ago,2024-09-07T10:33:40.264Z,1
a year ago,2024-09-07T09:30:01.102Z,5
a year ago,2024-09-06T20:43:52.279Z,4
a year ago,2024-09-06T18:18:57.004Z,5
a year ago,2024-09-06T16:38:16.474Z,5
a year ago,2024-09-05T23:04:54.607Z,5
a year ago,2024-09-05T23:01:15.933Z,4
a year ago,2024-09-05T11:23:03.391Z,5
a year ago,2024-09-05T05:39:27.956Z,5
a year ago,2024-09-04T23:49:25.396Z,5
a year ago,2024-09-04T18:32:56.971Z,5
a year ago,2024-09-04T15:08:05.576Z,5
a year ago,2024-09-04T12:41:53.064Z,5
a year ago,2024-09-04T10:48:44.118Z,5
a year ago,2024-09-04T04:34:45.261Z,5
a year ago,2024-09-03T21:09:32.737Z,5
a year ago,2024-09-03T14:19:20.490Z,5
a year ago,2024-09-03T08:47:38.206Z,5
a year ago,2024-09-03T06:58:32.488Z,4
a year ago,2024-09-03T05:49:51.332Z,5
a year ago,2024-09-02T18:49:01.939Z,5
a year ago,2024-09-02T17:35:27.856Z,4
a year ago,2024-09-02T17:13:34.192Z,3
a year ago,2024-09-02T14:33:33.778Z,5
a year ago,2024-09-02T13:01:20.672Z,5
a year ago,2024-09-02T12:21:57.972Z,5
a year ago,2024-09-02T12:00:09.350Z,5
a year ago,2024-09-02T09:24:45.447Z,5
a year ago,2024-09-01T12:56:21.716Z,5
a year ago,2024-09-01T10:45:07.362Z,5
a year ago,2024-08-31T19:30:37.615Z,4
a year ago,2024-08-31T07:16:23.346Z,5
a year ago,2024-08-31T04:27:40.657Z,5
a year ago,2024-08-29T19:52:23.936Z,5
a year ago,2024-08-28T19:34:54.613Z,5
a year ago,2024-08-28T07:12:49.293Z,4
a year ago,2024-08-27T21:17:08.008Z,2
a year ago,2024-08-27T16:20:21.916Z,4
a year ago,2024-08-27T13:29:59.339Z,5
a year ago,2024-08-27T11:05:15.894Z,5
a year ago,2024-08-27T10:04:57.151Z,5
a year ago,2024-08-27T01:21:51.286Z,4
a year ago,2024-08-26T18:01:26.434Z,5
a year ago,2024-08-26T16:24:11.292Z,5
a year ago,2024-08-26T10:30:14.598Z,5
a year ago,2024-08-25T23:39:57.176Z,4
a year ago,2024-08-25T19:03:23.548Z,5
a year ago,2024-08-25T12:27:02.094Z,5
a year ago,2024-08-25T08:06:00.176Z,5
a year ago,2024-08-25T08:05:03.581Z,5
a year ago,2024-08-25T07:52:24.137Z,5
a year ago,2024-08-24T19:02:05.068Z,5
a year ago,2024-08-24T17:47:13.488Z,5
a year ago,2024-08-24T14:24:47.931Z,5
a year ago,2024-08-24T12:00:57.254Z,5
a year ago,2024-08-23T20:32:20.813Z,5
a year ago,2024-08-23T17:23:46.186Z,3
a year ago,2024-08-23T16:52:18.681Z,5
a year ago,2024-08-23T16:49:22.535Z,5
a year ago,2024-08-22T20:40:40.115Z,5
a year ago,2024-08-22T13:46:23.914Z,5
a year ago,2024-08-22T06:56:08.840Z,4
a year ago,2024-08-22T06:12:07.032Z,5
a year ago,2024-08-21T21:27:10.143Z,5
a year ago,2024-08-21T10:50:12.402Z,5
a year ago,2024-08-21T05:09:13.911Z,5
a year ago,2024-08-20T20:32:04.895Z,5
a year ago,2024-08-20T18:37:11.386Z,5
a year ago,2024-08-20T10:54:33.566Z,5
a year ago,2024-08-20T06:34:48.608Z,5
a year ago,2024-08-20T06:23:14.728Z,5
a year ago,2024-08-19T23:47:17.213Z,5
a year ago,2024-08-19T21:30:09.623Z,5
a year ago,2024-08-19T21:07:19.639Z,5
a year ago,2024-08-19T14:23:25.988Z,5
a year ago,2024-08-18T19:59:00.380Z,5
a year ago,2024-08-18T19:21:23.272Z,5
a year ago,2024-08-18T15:27:31.016Z,5
a year ago,2024-08-17T20:36:57.435Z,5
a year ago,2024-08-17T09:28:13.016Z,5
a year ago,2024-08-17T07:22:48.850Z,5
a year ago,2024-08-16T22:46:15.600Z,5
a year ago,2024-08-15T18:22:31.988Z,5
a year ago,2024-08-15T18:16:49.638Z,4
a year ago,2024-08-15T14:50:35.080Z,5
a year ago,2024-08-15T12:47:11.520Z,5
a year ago,2024-08-14T21:25:37.774Z,5
a year ago,2024-08-14T18:17:22.919Z,5
a year ago,2024-08-14T18:07:34.443Z,5
a year ago,2024-08-13T21:11:02.360Z,5
a year ago,2024-08-13T15:58:46.568Z,5
a year ago,2024-08-13T14:19:35.587Z,5
a year ago,2024-08-13T10:47:01.480Z,5
a year ago,2024-08-13T06:40:39.085Z,5
a year ago,2024-08-13T06:18:13.842Z,5
a year ago,2024-08-13T06:06:27.162Z,4
a year ago,2024-08-12T21:39:13.051Z,4
a year ago,2024-08-12T13:45:57.407Z,5
a year ago,2024-08-12T12:59:38.039Z,4
a year ago,2024-08-12T12:47:46.171Z,5
a year ago,2024-08-12T10:38:23.321Z,4
a year ago,2024-08-12T07:39:51.879Z,5
a year ago,2024-08-11T18:32:55.614Z,5
a year ago,2024-08-11T18:21:08.820Z,4
a year ago,2024-08-11T12:10:55.369Z,5
a year ago,2024-08-11T10:43:01.816Z,5
a year ago,2024-08-10T21:22:53.604Z,5
a year ago,2024-08-10T19:48:08.813Z,5
a year ago,2024-08-10T19:13:33.765Z,5
a year ago,2024-08-10T15:02:09.321Z,5
Edited a year ago,2024-08-10T11:03:31.366Z,5
a year ago,2024-08-10T10:29:39.808Z,5
a year ago,2024-08-10T09:46:45.981Z,4
a year ago,2024-08-09T17:58:06.090Z,4
a year ago,2024-08-08T19:56:46.410Z,5
a year ago,2024-08-08T08:35:07.388Z,4
a year ago,2024-08-08T07:30:22.050Z,5
a year ago,2024-08-06T19:26:12.373Z,4
a year ago,2024-08-06T13:27:38.684Z,5
a year ago,2024-08-06T11:04:18.280Z,4
a year ago,2024-08-06T06:07:13.060Z,5
a year ago,2024-08-05T22:04:55.477Z,5
a year ago,2024-08-05T14:23:46.011Z,5
a year ago,2024-08-05T13:43:26.083Z,5
a year ago,2024-08-05T09:19:50.458Z,5
a year ago,2024-08-05T03:53:28.380Z,5
a year ago,2024-08-04T17:13:11.527Z,5
a year ago,2024-08-04T12:51:44.747Z,5
a year ago,2024-08-04T12:01:56.743Z,5
a year ago,2024-08-04T10:49:09.451Z,5
a year ago,2024-08-03T21:42:30.951Z,5
a year ago,2024-08-03T21:23:14.953Z,5
a year ago,2024-08-03T20:15:13.472Z,5
a year ago,2024-08-03T12:09:19.458Z,5
a year ago,2024-08-03T07:10:49.428Z,5
a year ago,2024-08-03T00:12:52.084Z,5
a year ago,2024-08-02T20:30:42.203Z,5
a year ago,2024-08-02T10:18:50.177Z,4
a year ago,2024-08-01T23:03:07.052Z,3
a year ago,2024-08-01T20:33:12.572Z,5
a year ago,2024-08-01T18:54:56.015Z,4
a year ago,2024-08-01T13:52:52.183Z,5
a year ago,2024-07-31T20:24:18.630Z,3
a year ago,2024-07-31T17:48:58.247Z,5
a year ago,2024-07-30T08:55:37.885Z,5
a year ago,2024-07-30T07:21:35.807Z,5
a year ago,2024-07-30T04:04:55.318Z,5
a year ago,2024-07-29T14:39:40.832Z,5
a year ago,2024-07-29T06:51:37.583Z,5
a year ago,2024-07-28T13:36:14.251Z,5
a year ago,2024-07-28T13:02:40.036Z,5
a year ago,2024-07-28T08:13:01.962Z,5
a year ago,2024-07-26T20:15:52.212Z,5
a year ago,2024-07-26T20:15:24.547Z,5
a year ago,2024-07-26T17:02:49.403Z,5
a year ago,2024-07-26T00:20:44.701Z,5
a year ago,2024-07-25T12:09:30.931Z,5
a year ago,2024-07-25T11:52:50.690Z,5
a year ago,2024-07-24T15:41:20.030Z,5
a year ago,2024-07-24T15:15:20.764Z,5
a year ago,2024-07-24T12:40:11.246Z,5
a year ago,2024-07-24T11:24:25.817Z,5
a year ago,2024-07-23T19:32:13.109Z,4
a year ago,2024-07-23T13:37:16.323Z,5
a year ago,2024-07-23T10:17:22.668Z,5
a year ago,2024-07-22T17:45:40.036Z,5
Edited a year ago,2024-07-21T20:22:06.078Z,5
a year ago,2024-07-21T18:46:42.312Z,5
a year ago,2024-07-21T17:57:11.264Z,5
a year ago,2024-07-21T13:33:18.908Z,5
a year ago,2024-07-21T11:19:29.176Z,5
a year ago,2024-07-21T10:31:53.153Z,4
a year ago,2024-07-20T22:53:19.954Z,5
a year ago,2024-07-20T20:32:45.041Z,5
a year ago,2024-07-20T20:20:31.339Z,5
a year ago,2024-07-20T12:49:58.300Z,1
a year ago,2024-07-19T13:13:37.413Z,5
a year ago,2024-07-19T11:54:47.454Z,5
a year ago,2024-07-18T07:25:29.210Z,5
a year ago,2024-07-18T05:00:12.537Z,5
a year ago,2024-07-17T18:52:42.514Z,5
a year ago,2024-07-17T14:13:00.825Z,5
a year ago,2024-07-17T11:57:52.892Z,5
a year ago,2024-07-16T22:10:38.734Z,5
a year ago,2024-07-16T20:53:08.061Z,5
Edited a year ago,2024-07-16T18:15:49.564Z,5
a year ago,2024-07-16T18:11:40.428Z,5
a year ago,2024-07-16T12:02:33.657Z,5
a year ago,2024-07-16T06:45:46.992Z,5
a year ago,2024-07-16T06:23:44.274Z,5
a year ago,2024-07-15T13:14:49.810Z,4
a year ago,2024-07-15T10:18:48.060Z,5
a year ago,2024-07-14T21:46:46.836Z,4
a year ago,2024-07-14T19:47:46.254Z,5
a year ago,2024-07-14T17:25:07.776Z,4
a year ago,2024-07-14T13:28:47.639Z,5
a year ago,2024-07-13T19:44:50.219Z,4
a year ago,2024-07-13T19:34:56.603Z,5
a year ago,2024-07-13T19:20:16.336Z,5
a year ago,2024-07-13T18:04:52.556Z,5
a year ago,2024-07-13T13:31:30.431Z,4
a year ago,2024-07-13T10:10:48.770Z,5
Edited a year ago,2024-07-12T19:33:10.700Z,5
a year ago,2024-07-12T17:54:40.810Z,5
a year ago,2024-07-12T08:49:41.286Z,5
a year ago,2024-07-11T16:31:35.535Z,4
a year ago,2024-07-11T16:26:09.699Z,5
a year ago,2024-07-11T08:43:29.116Z,5
a year ago,2024-07-10T13:58:02.319Z,5
a year ago,2024-07-10T09:31:14.559Z,4
a year ago,2024-07-09T23:11:43.071Z,4
a year ago,2024-07-09T19:35:47.676Z,1
a year ago,2024-07-09T13:04:06.296Z,5
a year ago,2024-07-09T11:30:09.961Z,5
a year ago,2024-07-09T10:39:27.830Z,5
a year ago,2024-07-09T10:09:29.966Z,5
a year ago,2024-07-09T09:11:35.434Z,5
a year ago,2024-07-09T04:03:56.592Z,5
a year ago,2024-07-07T20:59:55.239Z,4
a year ago,2024-07-07T14:44:21.651Z,5
a year ago,2024-07-07T12:43:44.095Z,3
a year ago,2024-07-07T11:40:54.770Z,5
a year ago,2024-07-07T11:30:42.777Z,5
a year ago,2024-07-07T11:01:43.017Z,5
a year ago,2024-07-07T08:02:47.091Z,5
a year ago,2024-07-07T00:19:56.798Z,5
a year ago,2024-07-06T15:27:02.922Z,4
a year ago,2024-07-06T09:50:26.191Z,5
a year ago,2024-07-05T21:37:54.774Z,5
a year ago,2024-07-04T19:54:23.985Z,5
a year ago,2024-07-04T19:08:48.394Z,5
a year ago,2024-07-04T09:52:48.139Z,5
a year ago,2024-07-03T04:30:39.621Z,5
a year ago,2024-07-02T11:31:38.658Z,5
a year ago,2024-07-02T11:15:09.251Z,3
a year ago,2024-07-02T10:34:20.237Z,5
a year ago,2024-07-02T07:17:58.224Z,5
a year ago,2024-07-02T06:04:39.546Z,5
a year ago,2024-07-02T05:25:13.080Z,5
a year ago,2024-07-01T06:48:41.413Z,5
a year ago,2024-06-30T16:27:26.733Z,5
a year ago,2024-06-29T21:08:18.287Z,5
a year ago,2024-06-29T09:59:26.090Z,5
a year ago,2024-06-29T08:13:45.857Z,5
a year ago,2024-06-28T17:01:54.479Z,5
a year ago,2024-06-27T15:41:54.711Z,5
a year ago,2024-06-27T09:15:44.643Z,5
a year ago,2024-06-27T08:44:26.118Z,5
a year ago,2024-06-27T07:24:02.352Z,5
a year ago,2024-06-26T09:15:02.578Z,5
a year ago,2024-06-25T19:30:52.220Z,5
a year ago,2024-06-25T15:26:03.000Z,5
a year ago,2024-06-25T08:28:44.416Z,5
a year ago,2024-06-24T17:48:33.389Z,4
a year ago,2024-06-24T14:30:56.262Z,5
a year ago,2024-06-23T19:38:52.544Z,4
a year ago,2024-06-23T16:50:21.253Z,5
a year ago,2024-06-23T12:08:47.419Z,5
a year ago,2024-06-22T18:26:11.398Z,5
a year ago,2024-06-22T10:32:15.199Z,3
a year ago,2024-06-21T21:24:24.383Z,5
a year ago,2024-06-21T20:58:19.734Z,5
a year ago,2024-06-21T20:22:30.058Z,3
a year ago,2024-06-21T13:42:04.856Z,5
a year ago,2024-06-21T09:39:12.778Z,5
a year ago,2024-06-21T09:26:08.003Z,4
a year ago,2024-06-21T07:06:22.709Z,5
a year ago,2024-06-21T06:17:05.901Z,5
a year ago,2024-06-20T21:08:53.990Z,5
a year ago,2024-06-20T20:32:44.086Z,5
Edited a year ago,2024-06-20T19:07:34.005Z,5
a year ago,2024-06-20T10:36:31.831Z,5
a year ago,2024-06-20T08:57:13.695Z,5
a year ago,2024-06-19T18:22:19.363Z,3
a year ago,2024-06-19T18:03:54.822Z,5
a year ago,2024-06-19T11:56:09.921Z,5
a year ago,2024-06-19T10:33:53.123Z,5
a year ago,2024-06-18T21:50:09.673Z,5
a year ago,2024-06-18T18:01:38.952Z,5
a year ago,2024-06-18T15:35:51.426Z,4
a year ago,2024-06-18T06:41:47.630Z,5
a year ago,2024-06-17T21:07:46.740Z,5
a year ago,2024-06-17T19:12:28.080Z,5
a year ago,2024-06-16T21:26:28.537Z,5
a year ago,2024-06-16T13:27:49.775Z,5
a year ago,2024-06-14T18:40:32.331Z,5
a year ago,2024-06-13T19:21:30.669Z,3
a year ago,2024-06-11T21:08:14.160Z,5
a year ago,2024-06-11T16:45:56.925Z,3
a year ago,2024-06-09T19:21:54.230Z,5
a year ago,2024-06-08T17:47:39.410Z,5
a year ago,2024-06-07T19:36:05.124Z,5
a year ago,2024-06-07T07:55:38.133Z,4
a year ago,2024-06-04T09:10:08.011Z,3
a year ago,2024-06-04T08:11:23.866Z,5
a year ago,2024-06-03T11:17:44.601Z,5
a year ago,2024-06-03T07:53:42.728Z,5
a year ago,2024-06-02T12:47:54.004Z,5
a year ago,2024-06-01T23:15:02.909Z,5
a year ago,2024-06-01T18:57:25.664Z,4
a year ago,2024-05-31T17:11:46.326Z,5
a year ago,2024-05-31T08:27:54.534Z,5
a year ago,2024-05-30T10:46:53.889Z,2
a year ago,2024-05-28T10:21:48.852Z,4
a year ago,2024-05-25T20:03:24.451Z,5
a year ago,2024-05-25T13:38:36.343Z,5
a year ago,2024-05-24T11:21:53.406Z,5
a year ago,2024-05-24T04:23:44.748Z,5
a year ago,2024-05-23T10:00:15.341Z,5
a year ago,2024-05-21T19:46:51.095Z,5
a year ago,2024-05-20T19:02:30.321Z,4
a year ago,2024-05-19T13:23:09.419Z,4
a year ago,2024-05-19T08:10:59.701Z,5
a year ago,2024-05-17T18:53:38.051Z,5
a year ago,2024-05-16T14:21:12.574Z,5
a year ago,2024-05-16T13:08:54.484Z,5
a year ago,2024-05-15T08:38:49.967Z,5
a year ago,2024-05-15T08:32:16.742Z,4
a year ago,2024-05-15T04:02:50.705Z,5
a year ago,2024-05-14T11:46:46.488Z,5
a year ago,2024-05-13T21:49:46.940Z,5
a year ago,2024-05-13T21:15:08.425Z,5
a year ago,2024-05-11T15:17:15.589Z,4
a year ago,2024-05-10T06:32:41.442Z,5
a year ago,2024-05-09T12:19:53.883Z,5
a year ago,2024-05-09T11:41:05.369Z,5
a year ago,2024-05-09T09:46:30.953Z,4
a year ago,2024-05-07T03:05:42.520Z,5
a year ago,2024-05-06T18:03:20.501Z,5
a year ago,2024-05-05T19:33:33.689Z,1
a year ago,2024-05-05T18:44:41.131Z,5
a year ago,2024-05-05T18:25:22.361Z,5
a year ago,2024-05-05T15:10:06.210Z,4
a year ago,2024-05-05T12:49:28.951Z,5
a year ago,2024-05-03T10:58:04.007Z,5
a year ago,2024-05-01T21:43:56.438Z,5
a year ago,2024-05-01T20:16:01.457Z,4
a year ago,2024-05-01T18:43:30.498Z,5
a year ago,2024-05-01T15:03:08.757Z,5
2 years ago,2024-04-30T21:14:33.164Z,3
2 years ago,2024-04-29T19:53:49.778Z,5
2 years ago,2024-04-29T15:32:59.333Z,5
2 years ago,2024-04-28T05:48:34.426Z,5
2 years ago,2024-04-26T19:01:52.804Z,3
2 years ago,2024-04-26T18:08:34.639Z,5
2 years ago,2024-04-25T14:56:05.054Z,5
2 years ago,2024-04-25T07:19:16.240Z,5
2 years ago,2024-04-23T20:09:23.158Z,4
2 years ago,2024-04-23T14:56:05.469Z,5
2 years ago,2024-04-22T19:07:06.944Z,5
2 years ago,2024-04-20T22:13:20.474Z,5
2 years ago,2024-04-20T13:29:39.330Z,5
2 years ago,2024-04-19T09:52:16.123Z,5
2 years ago,2024-04-18T17:30:29.798Z,1
2 years ago,2024-04-17T19:38:11.178Z,5
2 years ago,2024-04-17T11:08:25.529Z,3
2 years ago,2024-04-17T08:08:36.599Z,5
2 years ago,2024-04-15T13:19:20.865Z,5
2 years ago,2024-04-15T06:21:22.641Z,5
2 years ago,2024-04-14T18:50:01.939Z,5
2 years ago,2024-04-14T15:34:29.796Z,5
2 years ago,2024-04-14T11:40:50.510Z,4
Edited 2 years ago,2024-04-13T13:46:49.367Z,5
2 years ago,2024-04-13T07:28:18.696Z,5
2 years ago,2024-04-12T20:33:29.567Z,4
2 years ago,2024-04-12T15:35:53.893Z,5
2 years ago,2024-04-11T20:20:30.561Z,5
2 years ago,2024-04-10T21:59:48.333Z,5
2 years ago,2024-04-10T14:31:04.707Z,5
2 years ago,2024-04-08T15:46:39.519Z,5
2 years ago,2024-04-06T22:14:19.775Z,5
Edited 2 years ago,2024-04-03T17:18:07.614Z,5
2 years ago,2024-04-02T18:19:17.443Z,5
2 years ago,2024-04-01T09:36:54.781Z,5
2 years ago,2024-03-27T15:12:08.380Z,5
2 years ago,2024-03-23T21:05:03.471Z,5
2 years ago,2024-03-23T03:07:25.232Z,4
2 years ago,2024-03-16T16:12:12.909Z,5
2 years ago,2024-03-16T07:03:37.643Z,5
2 years ago,2024-03-14T19:25:30.344Z,4
2 years ago,2024-03-14T07:11:26.994Z,5
2 years ago,2024-03-13T14:21:38.607Z,5
2 years ago,2024-03-12T11:34:55.266Z,5
2 years ago,2024-03-11T16:08:14.931Z,4
2 years ago,2024-03-10T15:42:42.875Z,5
2 years ago,2024-03-10T10:58:43.065Z,4
2 years ago,2024-03-09T10:48:46.658Z,5
2 years ago,2024-03-07T19:58:49.504Z,5
2 years ago,2024-03-06T19:25:07.390Z,5
2 years ago,2024-03-06T15:17:50.140Z,5
2 years ago,2024-03-06T01:42:52.744Z,5
2 years ago,2024-03-03T20:49:53.867Z,5
2 years ago,2024-03-03T20:34:29.856Z,5
2 years ago,2024-03-03T12:56:27.892Z,5
2 years ago,2024-03-03T11:14:59.265Z,5
2 years ago,2024-03-03T08:07:07.019Z,5
Edited 2 years ago,2024-03-03T06:48:32.915Z,5
2 years ago,2024-03-02T15:41:01.732Z,4
2 years ago,2024-03-02T10:31:36.154Z,5
2 years ago,2024-02-29T20:19:14.636Z,4
Edited 2 years ago,2024-02-29T13:41:21.825Z,5
2 years ago,2024-02-28T08:15:19.481Z,4
2 years ago,2024-02-26T17:22:43.212Z,5
2 years ago,2024-02-25T17:51:39.780Z,5
2 years ago,2024-02-25T10:53:16.694Z,5
2 years ago,2024-02-23T12:46:06.152Z,5
2 years ago,2024-02-22T22:19:45.109Z,5
2 years ago,2024-02-22T17:28:03.579Z,5
2 years ago,2024-02-20T16:04:42.762Z,5
2 years ago,2024-02-20T12:36:06.458Z,5
2 years ago,2024-02-20T10:54:06.973Z,5
Edited 2 years ago,2024-02-18T20:05:37.465Z,5
2 years ago,2024-02-18T09:38:04.490Z,5
2 years ago,2024-02-18T07:58:56.879Z,5
2 years ago,2024-02-18T07:42:41.865Z,5
2 years ago,2024-02-17T19:16:01.303Z,5
2 years ago,2024-02-17T18:18:07.597Z,5
2 years ago,2024-02-17T08:58:31.243Z,5
2 years ago,2024-02-16T15:15:44.736Z,3
2 years ago,2024-02-15T20:27:15.993Z,5
2 years ago,2024-02-15T17:34:38.763Z,5
2 years ago,2024-02-15T05:21:51.958Z,5
2 years ago,2024-02-14T22:26:30.817Z,5
2 years ago,2024-02-14T21:54:47.265Z,5
2 years ago,2024-02-14T19:21:45.744Z,5
2 years ago,2024-02-14T17:15:29.746Z,5
2 years ago,2024-02-13T20:31:59.227Z,5
2 years ago,2024-02-13T18:01:01.321Z,5
2 years ago,2024-02-13T08:22:38.971Z,5
2 years ago,2024-02-12T20:22:53.877Z,4
2 years ago,2024-02-12T15:30:16.460Z,5
2 years ago,2024-02-11T20:19:17.474Z,5
2 years ago,2024-02-11T17:00:11.333Z,5
2 years ago,2024-02-11T13:48:28.700Z,5
2 years ago,2024-02-11T13:23:14.003Z,5
2 years ago,2024-02-11T11:11:07.157Z,5
2 years ago,2024-02-11T10:26:03.530Z,5
2 years ago,2024-02-11T08:38:33.792Z,5
2 years ago,2024-02-11T06:36:31.930Z,5
2 years ago,2024-02-11T06:34:37.113Z,5
2 years ago,2024-02-11T04:13:26.538Z,5
2 years ago,2024-02-11T03:57:34.322Z,5
2 years ago,2024-02-10T20:07:07.577Z,5
2 years ago,2024-02-10T20:01:15.835Z,5
2 years ago,2024-02-10T19:49:53.013Z,5
2 years ago,2024-02-10T19:26:44.801Z,5
2 years ago,2024-02-09T21:59:33.465Z,5
2 years ago,2024-02-09T21:31:12.373Z,5
2 years ago,2024-02-09T09:39:09.587Z,5
2 years ago,2024-02-09T07:52:02.899Z,5
2 years ago,2024-02-08T17:15:40.881Z,5
2 years ago,2024-02-08T16:30:03.002Z,4
2 years ago,2024-02-08T13:02:27.003Z,5
Edited 2 years ago,2024-02-07T19:57:03.173Z,5
2 years ago,2024-02-06T08:37:46.945Z,4
2 years ago,2024-02-06T08:15:33.469Z,5
2 years ago,2024-02-06T07:05:04.590Z,5
2 years ago,2024-02-05T17:26:42.116Z,5
2 years ago,2024-02-05T15:31:01.487Z,5
2 years ago,2024-02-05T12:14:20.346Z,5
2 years ago,2024-02-04T22:54:19.578Z,5
2 years ago,2024-02-04T04:33:19.228Z,5
2 years ago,2024-02-04T04:32:05.905Z,5
2 years ago,2024-02-03T13:11:36.279Z,5
2 years ago,2024-02-03T08:52:10.127Z,5
Edited 2 years ago,2024-02-03T08:37:55.822Z,5
2 years ago,2024-02-03T07:22:42.104Z,5
2 years ago,2024-02-02T16:41:22.730Z,5
2 years ago,2024-02-02T16:32:47.751Z,5
2 years ago,2024-02-02T16:01:15.133Z,5
2 years ago,2024-02-02T13:05:41.295Z,5
2 years ago,2024-02-02T12:55:01.492Z,5
2 years ago,2024-02-02T11:14:33.488Z,5
2 years ago,2024-02-02T10:58:42.537Z,3
2 years ago,2024-02-02T07:33:27.279Z,5
2 years ago,2024-02-02T06:44:54.818Z,5
2 years ago,2024-02-01T19:27:33.524Z,5
2 years ago,2024-01-31T18:56:21.565Z,5
2 years ago,2024-01-31T11:12:30.870Z,5
2 years ago,2024-01-30T19:17:28.172Z,5
2 years ago,2024-01-30T18:43:44.298Z,5
2 years ago,2024-01-30T15:17:10.077Z,5
2 years ago,2024-01-29T18:39:49.779Z,5
2 years ago,2024-01-29T17:06:21.441Z,5
2 years ago,2024-01-29T14:41:13.212Z,5
2 years ago,2024-01-29T14:28:51.638Z,5
Edited 2 years ago,2024-01-29T09:48:14.120Z,5
2 years ago,2024-01-29T08:39:02.279Z,5
2 years ago,2024-01-29T02:27:10.575Z,5
2 years ago,2024-01-28T17:43:08.252Z,5
2 years ago,2024-01-28T16:56:24.704Z,5
2 years ago,2024-01-28T16:25:47.157Z,5
2 years ago,2024-01-28T06:24:08.691Z,5
2 years ago,2024-01-27T19:31:39.284Z,5
2 years ago,2024-01-26T19:13:58.166Z,5
2 years ago,2024-01-25T17:54:40.505Z,5
2 years ago,2024-01-25T12:56:41.266Z,5
2 years ago,2024-01-24T21:45:16.852Z,5
2 years ago,2024-01-24T11:11:18.707Z,5
2 years ago,2024-01-24T06:03:49.388Z,5
2 years ago,2024-01-23T12:08:11.366Z,5
2 years ago,2024-01-23T06:59:45.755Z,5
2 years ago,2024-01-22T16:56:58.625Z,5
2 years ago,2024-01-22T08:27:02.899Z,5
2 years ago,2024-01-21T18:13:22.586Z,5
2 years ago,2024-01-21T17:39:28.274Z,5
2 years ago,2024-01-21T14:35:14.013Z,5
2 years ago,2024-01-21T07:58:08.260Z,5
2 years ago,2024-01-19T21:33:23.109Z,5
2 years ago,2024-01-18T17:42:50.051Z,4
2 years ago,2024-01-17T06:42:46.106Z,5
2 years ago,2024-01-16T21:46:01.821Z,5
2 years ago,2024-01-15T13:57:22.163Z,5
2 years ago,2024-01-14T15:32:34.427Z,4
2 years ago,2024-01-14T07:39:09.323Z,5
2 years ago,2024-01-14T06:28:47.481Z,5
2 years ago,2024-01-13T23:48:52.419Z,5
2 years ago,2024-01-13T20:59:09.994Z,5
2 years ago,2024-01-13T16:33:45.826Z,5
2 years ago,2024-01-13T16:24:37.268Z,5
2 years ago,2024-01-13T06:15:52.642Z,5
2 years ago,2024-01-12T21:34:07.190Z,5
2 years ago,2024-01-11T11:02:02.751Z,5
2 years ago,2024-01-10T22:14:49.210Z,5
2 years ago,2024-01-10T11:56:37.756Z,5
2 years ago,2024-01-09T21:03:51.523Z,5
2 years ago,2024-01-09T20:10:25.237Z,5
2 years ago,2024-01-09T16:25:18.764Z,4
2 years ago,2024-01-09T10:13:25.976Z,5
2 years ago,2024-01-09T07:20:43.708Z,5
2 years ago,2024-01-07T10:09:46.856Z,5
2 years ago,2024-01-06T21:49:18.614Z,5
2 years ago,2024-01-06T19:57:59.816Z,5
2 years ago,2024-01-05T19:49:35.838Z,4
2 years ago,2024-01-04T19:40:37.713Z,5
2 years ago,2024-01-04T17:20:53.897Z,5
2 years ago,2024-01-04T09:43:42.162Z,5
2 years ago,2024-01-02T08:12:51.837Z,5
2 years ago,2024-01-01T16:58:50.460Z,5
2 years ago,2024-01-01T10:14:33.165Z,5
2 years ago,2023-12-31T16:28:44.569Z,5
2 years ago,2023-12-30T23:57:27.995Z,5
2 years ago,2023-12-30T18:50:05.706Z,5
2 years ago,2023-12-29T19:51:17.636Z,5
2 years ago,2023-12-28T16:30:20.730Z,5
2 years ago,2023-12-27T10:27:49.584Z,3
2 years ago,2023-12-27T08:28:07.116Z,1
Edited 2 years ago,2023-12-26T20:07:50.843Z,5
2 years ago,2023-12-26T15:24:38.640Z,5
2 years ago,2023-12-24T13:25:15.221Z,5
2 years ago,2023-12-24T10:12:10.788Z,5
2 years ago,2023-12-19T21:31:03.860Z,5
2 years ago,2023-12-19T19:46:52.465Z,5
2 years ago,2023-12-17T22:09:22.063Z,5
2 years ago,2023-12-17T16:07:59.320Z,5
2 years ago,2023-12-15T09:09:20.737Z,5
2 years ago,2023-12-15T08:43:33.272Z,5
2 years ago,2023-12-14T12:04:52.785Z,5
2 years ago,2023-12-12T15:45:09.231Z,5
2 years ago,2023-12-11T07:55:51.405Z,5
2 years ago,2023-12-09T17:59:54.429Z,5
2 years ago,2023-12-07T10:34:37.335Z,5
2 years ago,2023-12-07T06:08:59.762Z,4
2 years ago,2023-12-05T20:00:05.487Z,5
2 years ago,2023-12-04T10:24:08.354Z,5
2 years ago,2023-12-03T19:58:38.793Z,5
Edited 2 years ago,2023-12-03T16:37:00.019Z,5
2 years ago,2023-12-02T20:51:36.043Z,5
2 years ago,2023-12-02T11:13:56.753Z,4
2 years ago,2023-12-02T04:33:04.004Z,3
2 years ago,2023-11-30T05:59:50.715Z,5
2 years ago,2023-11-29T23:32:06.406Z,5
2 years ago,2023-11-29T18:13:49.843Z,5
2 years ago,2023-11-29T17:20:58.405Z,4
2 years ago,2023-11-28T13:17:27.605Z,5
2 years ago,2023-11-28T12:53:51.850Z,5
2 years ago,2023-11-28T12:03:17.051Z,5
2 years ago,2023-11-27T17:47:33.854Z,3
2 years ago,2023-11-27T10:38:34.656Z,5
2 years ago,2023-11-26T14:27:53.083Z,5
2 years ago,2023-11-26T07:43:57.033Z,5
2 years ago,2023-11-26T07:24:31.659Z,4
2 years ago,2023-11-25T10:50:57.249Z,4
2 years ago,2023-11-25T07:11:36.041Z,5
2 years ago,2023-11-24T13:19:43.198Z,5
2 years ago,2023-11-24T09:26:05.492Z,5
Edited 2 years ago,2023-11-23T22:38:10.218Z,5
2 years ago,2023-11-22T21:37:56.154Z,5
2 years ago,2023-11-22T15:33:17.627Z,4
2 years ago,2023-11-22T15:03:40.387Z,5
2 years ago,2023-11-22T09:01:35.907Z,5
2 years ago,2023-11-21T20:16:45.522Z,5
2 years ago,2023-11-21T18:06:26.361Z,4
2 years ago,2023-11-21T13:54:38.716Z,5
2 years ago,2023-11-20T22:19:31.058Z,5
2 years ago,2023-11-20T16:45:07.776Z,5
2 years ago,2023-11-20T15:46:02.481Z,3
2 years ago,2023-11-19T15:48:22.513Z,4
2 years ago,2023-11-19T15:22:40.665Z,5
2 years ago,2023-11-19T13:56:09.510Z,4
2 years ago,2023-11-19T10:21:49.027Z,5
2 years ago,2023-11-19T07:35:48.713Z,1
2 years ago,2023-11-18T19:56:19.838Z,5
2 years ago,2023-11-18T16:40:42.583Z,4
2 years ago,2023-11-18T07:22:00.102Z,5
2 years ago,2023-11-17T20:32:24.573Z,5
2 years ago,2023-11-17T19:45:57.255Z,5
2 years ago,2023-11-17T18:44:21.968Z,3
2 years ago,2023-11-17T16:45:03.214Z,5
2 years ago,2023-11-17T11:21:03.420Z,5
2 years ago,2023-11-16T19:56:21.917Z,5
2 years ago,2023-11-16T19:12:02.241Z,5
2 years ago,2023-11-16T17:16:47.634Z,4
2 years ago,2023-11-16T16:05:08.773Z,5
2 years ago,2023-11-16T15:17:51.712Z,5
2 years ago,2023-11-15T22:18:37.470Z,5
2 years ago,2023-11-15T16:45:03.679Z,5
2 years ago,2023-11-15T15:42:43.340Z,5
2 years ago,2023-11-15T05:19:32.021Z,5
2 years ago,2023-11-14T17:41:42.939Z,5
2 years ago,2023-11-14T14:46:39.811Z,1
2 years ago,2023-11-14T06:26:05.617Z,5
2 years ago,2023-11-13T16:43:31.463Z,5
2 years ago,2023-11-13T14:08:23.239Z,4
2 years ago,2023-11-12T18:22:33.265Z,5
2 years ago,2023-11-12T15:49:31.257Z,5
2 years ago,2023-11-12T15:25:25.504Z,5
2 years ago,2023-11-12T12:12:07.478Z,5
2 years ago,2023-11-12T09:30:45.702Z,5
2 years ago,2023-11-11T21:35:35.791Z,2
2 years ago,2023-11-11T19:45:16.007Z,5
2 years ago,2023-11-11T14:43:14.675Z,5
2 years ago,2023-11-11T14:29:58.716Z,5
2 years ago,2023-11-11T07:51:00.862Z,5
2 years ago,2023-11-10T22:20:32.110Z,5
2 years ago,2023-11-10T17:34:23.538Z,5
2 years ago,2023-11-10T11:22:07.143Z,5
2 years ago,2023-11-10T10:39:54.806Z,4
2 years ago,2023-11-09T19:42:43.601Z,5
2 years ago,2023-11-09T18:04:09.868Z,5
2 years ago,2023-11-08T18:58:40.948Z,5
2 years ago,2023-11-08T16:27:19.751Z,5
2 years ago,2023-11-08T16:25:31.036Z,5
2 years ago,2023-11-08T12:50:56.025Z,5
Edited 2 years ago,2023-11-08T09:45:18.093Z,4
2 years ago,2023-11-08T09:12:52.009Z,5
2 years ago,2023-11-08T05:11:42.652Z,5
2 years ago,2023-11-07T18:00:00.890Z,5
2 years ago,2023-11-06T07:21:25.566Z,5
Edited 2 years ago,2023-11-06T03:25:50.882Z,5
2 years ago,2023-11-05T10:32:18.923Z,5
2 years ago,2023-11-04T11:31:58.423Z,5
2 years ago,2023-11-03T05:05:44.169Z,5
2 years ago,2023-11-01T16:03:24.271Z,4
2 years ago,2023-10-31T13:12:35.926Z,5
2 years ago,2023-10-31T07:53:22.223Z,5
2 years ago,2023-10-31T06:08:15.277Z,5
2 years ago,2023-10-30T22:11:14.597Z,5
2 years ago,2023-10-30T16:15:31.115Z,5
2 years ago,2023-10-29T12:59:28.572Z,5
2 years ago,2023-10-28T23:15:26.928Z,5
2 years ago,2023-10-28T13:09:10.079Z,5
2 years ago,2023-10-28T05:48:31.717Z,5
2 years ago,2023-10-26T18:48:04.640Z,4
2 years ago,2023-10-26T07:51:33.479Z,5
2 years ago,2023-10-25T14:16:26.026Z,5
2 years ago,2023-10-25T10:53:25.839Z,3
2 years ago,2023-10-24T09:01:02.760Z,5
2 years ago,2023-10-24T05:06:36.011Z,5
2 years ago,2023-10-23T14:56:35.612Z,5
2 years ago,2023-10-23T13:31:49.110Z,5
Edited 2 years ago,2023-10-23T07:12:20.529Z,5
2 years ago,2023-10-22T12:55:48.617Z,5
2 years ago,2023-10-22T10:09:46.579Z,5
2 years ago,2023-10-21T16:33:24.422Z,1
2 years ago,2023-10-21T14:16:13.116Z,5
2 years ago,2023-10-21T13:02:17.016Z,5
2 years ago,2023-10-21T06:38:43.725Z,5
2 years ago,2023-10-20T20:11:08.335Z,5
2 years ago,2023-10-20T16:24:43.039Z,5
2 years ago,2023-10-20T08:18:23.699Z,5
2 years ago,2023-10-19T13:06:08.359Z,5
2 years ago,2023-10-18T18:33:06.528Z,4
2 years ago,2023-10-18T06:06:51.256Z,3
2 years ago,2023-10-18T01:48:53.883Z,5
2 years ago,2023-10-16T17:29:27.685Z,5
2 years ago,2023-10-16T05:55:57.904Z,3
2 years ago,2023-10-15T10:48:10.720Z,5
2 years ago,2023-10-14T19:20:21.138Z,1
2 years ago,2023-10-13T07:26:10.105Z,5
2 years ago,2023-10-12T20:55:33.765Z,5
2 years ago,2023-10-12T00:32:53.364Z,5
2 years ago,2023-10-10T19:18:09.546Z,5
2 years ago,2023-10-10T17:03:27.113Z,5
2 years ago,2023-10-10T09:38:53.729Z,5
2 years ago,2023-10-10T09:30:15.804Z,5
2 years ago,2023-10-10T07:05:25.157Z,5
2 years ago,2023-10-09T14:34:28.140Z,5
2 years ago,2023-10-09T06:05:12.595Z,5
2 years ago,2023-10-08T21:17:54.819Z,5
2 years ago,2023-10-08T00:29:46.278Z,3
2 years ago,2023-10-07T20:32:43.230Z,5
2 years ago,2023-10-07T20:16:05.433Z,5
2 years ago,2023-10-07T18:02:37.069Z,5
2 years ago,2023-10-07T12:13:18.267Z,5
2 years ago,2023-10-07T12:03:13.301Z,5
2 years ago,2023-10-06T19:45:27.741Z,5
2 years ago,2023-10-05T04:13:15.178Z,5
2 years ago,2023-10-04T13:52:15.436Z,5
2 years ago,2023-10-04T11:18:44.017Z,5
2 years ago,2023-10-03T15:19:50.380Z,5
2 years ago,2023-10-03T13:18:08.707Z,5
2 years ago,2023-10-03T11:50:10.749Z,2
2 years ago,2023-10-03T10:15:42.781Z,5
2 years ago,2023-10-03T08:55:41.290Z,5
2 years ago,2023-10-02T14:21:39.666Z,5
2 years ago,2023-10-02T10:25:07.442Z,5
Edited 2 years ago,2023-09-30T20:01:26.018Z,5
2 years ago,2023-09-29T20:24:06.306Z,5
2 years ago,2023-09-29T14:20:40.138Z,5
2 years ago,2023-09-29T14:13:36.744Z,5
2 years ago,2023-09-28T21:01:03.103Z,5
2 years ago,2023-09-28T18:07:36.536Z,5
2 years ago,2023-09-28T14:07:16.118Z,5
2 years ago,2023-09-28T12:15:31.502Z,5
2 years ago,2023-09-28T11:11:32.469Z,5
2 years ago,2023-09-28T08:24:53.517Z,5
2 years ago,2023-09-27T16:31:33.273Z,5
2 years ago,2023-09-26T10:38:21.884Z,5
2 years ago,2023-09-26T09:50:41.764Z,5
2 years ago,2023-09-25T15:47:48.873Z,5
2 years ago,2023-09-23T17:12:08.539Z,5
2 years ago,2023-09-23T12:57:13.306Z,5
Edited 2 years ago,2023-09-22T18:28:59.474Z,1
2 years ago,2023-09-22T17:44:42.987Z,5
2 years ago,2023-09-22T14:35:15.283Z,5
2 years ago,2023-09-20T18:59:28.641Z,5
2 years ago,2023-09-20T13:37:25.441Z,4
2 years ago,2023-09-20T12:11:48.643Z,5
2 years ago,2023-09-20T11:41:36.309Z,5
2 years ago,2023-09-20T11:05:11.864Z,5
Edited 2 years ago,2023-09-19T22:38:00.548Z,4
2 years ago,2023-09-19T11:36:02.258Z,5
2 years ago,2023-09-19T06:05:43.009Z,5
2 years ago,2023-09-18T16:51:20.461Z,5
2 years ago,2023-09-17T20:58:08.944Z,5
2 years ago,2023-09-17T15:43:06.942Z,1
2 years ago,2023-09-17T09:24:08.247Z,5
2 years ago,2023-09-16T15:32:43.600Z,4
2 years ago,2023-09-16T15:27:41.983Z,4
2 years ago,2023-09-16T07:51:33.615Z,3
2 years ago,2023-09-16T02:19:11.406Z,5
2 years ago,2023-09-15T21:22:51.301Z,3
2 years ago,2023-09-15T17:31:59.731Z,5
2 years ago,2023-09-14T11:26:49.102Z,5
2 years ago,2023-09-14T10:46:10.133Z,5
2 years ago,2023-09-14T09:52:26.730Z,5
2 years ago,2023-09-14T09:19:58.510Z,2
2 years ago,2023-09-14T06:44:47.481Z,5
2 years ago,2023-09-14T06:05:08.215Z,5
2 years ago,2023-09-13T20:41:57.377Z,5
2 years ago,2023-09-13T19:40:42.257Z,5
2 years ago,2023-09-13T15:37:27.827Z,5
2 years ago,2023-09-13T14:55:56.694Z,5
2 years ago,2023-09-13T05:14:11.010Z,5
2 years ago,2023-09-13T04:41:00.392Z,5
2 years ago,2023-09-13T02:07:49.712Z,5
2 years ago,2023-09-12T17:32:54.820Z,5
2 years ago,2023-09-12T17:04:56.443Z,5
2 years ago,2023-09-12T11:40:28.510Z,5
2 years ago,2023-09-11T06:51:20.241Z,5
2 years ago,2023-09-11T04:36:36.210Z,5
2 years ago,2023-09-10T22:33:25.747Z,5
2 years ago,2023-09-10T12:32:37.207Z,5
2 years ago,2023-09-10T11:29:37.094Z,4
2 years ago,2023-09-10T08:02:20.753Z,5
2 years ago,2023-09-10T06:22:39.959Z,5
2 years ago,2023-09-09T21:26:17.478Z,5
2 years ago,2023-09-09T19:33:26.507Z,5
2 years ago,2023-09-09T19:07:44.334Z,5
2 years ago,2023-09-09T16:37:24.732Z,5
2 years ago,2023-09-09T09:19:42.686Z,3
2 years ago,2023-09-08T18:38:47.002Z,5
2 years ago,2023-09-08T14:48:25.647Z,5
2 years ago,2023-09-08T11:53:20.494Z,3
2 years ago,2023-09-08T09:04:27.096Z,5
2 years ago,2023-09-08T08:55:15.211Z,3
2 years ago,2023-09-07T17:59:47.119Z,5
2 years ago,2023-09-07T12:41:21.280Z,5
2 years ago,2023-09-07T08:54:35.759Z,5
2 years ago,2023-09-07T07:49:04.321Z,5
2 years ago,2023-09-06T20:14:59.971Z,5
2 years ago,2023-09-06T17:30:03.661Z,5
2 years ago,2023-09-06T14:09:58.868Z,5
2 years ago,2023-09-06T12:36:18.179Z,5
2 years ago,2023-09-06T11:56:04.142Z,5
2 years ago,2023-09-06T05:26:41.014Z,4
2 years ago,2023-09-05T20:41:07.538Z,5
2 years ago,2023-09-05T15:19:07.460Z,4
2 years ago,2023-09-05T12:42:44.288Z,5
2 years ago,2023-09-05T10:58:07.061Z,5
2 years ago,2023-09-05T05:07:46.908Z,5
2 years ago,2023-09-04T21:03:55.429Z,5
2 years ago,2023-09-04T03:55:26.664Z,4
Edited 2 years ago,2023-09-03T09:27:39.605Z,5
2 years ago,2023-09-02T21:40:42.364Z,5
2 years ago,2023-09-02T17:07:37.457Z,5
2 years ago,2023-09-02T16:06:00.303Z,5
2 years ago,2023-09-02T06:20:23.150Z,5
2 years ago,2023-09-01T19:53:03.831Z,5
2 years ago,2023-09-01T07:38:04.687Z,5
2 years ago,2023-09-01T06:07:41.139Z,5
2 years ago,2023-09-01T01:29:02.099Z,5
2 years ago,2023-08-31T19:05:48.318Z,5
2 years ago,2023-08-31T14:37:51.376Z,4
2 years ago,2023-08-30T21:26:47.221Z,5
2 years ago,2023-08-30T15:30:40.801Z,5
2 years ago,2023-08-30T15:11:16.980Z,5
2 years ago,2023-08-30T11:12:41.465Z,5
2 years ago,2023-08-30T10:56:37.436Z,1
2 years ago,2023-08-30T10:41:02.907Z,5
2 years ago,2023-08-29T17:10:41.885Z,5
2 years ago,2023-08-29T14:43:37.258Z,4
2 years ago,2023-08-29T13:09:10.713Z,5
2 years ago,2023-08-29T09:16:17.963Z,5
2 years ago,2023-08-29T06:23:29.187Z,4
2 years ago,2023-08-28T22:47:33.975Z,5
2 years ago,2023-08-28T18:07:39.542Z,5
2 years ago,2023-08-27T20:17:44.675Z,4
2 years ago,2023-08-27T18:19:06.838Z,5
2 years ago,2023-08-27T13:03:02.662Z,5
2 years ago,2023-08-27T09:48:49.523Z,5
2 years ago,2023-08-26T13:49:00.465Z,5
2 years ago,2023-08-26T09:04:52.426Z,5
2 years ago,2023-08-25T16:20:49.746Z,5
2 years ago,2023-08-25T06:11:22.118Z,5
2 years ago,2023-08-25T01:34:33.457Z,5
2 years ago,2023-08-24T22:37:26.967Z,4
2 years ago,2023-08-24T18:51:45.395Z,5
2 years ago,2023-08-24T17:31:21.280Z,5
2 years ago,2023-08-24T16:14:55.333Z,5
2 years ago,2023-08-24T11:53:58.084Z,5
2 years ago,2023-08-24T11:08:23.924Z,5
2 years ago,2023-08-24T09:28:24.088Z,5
2 years ago,2023-08-24T06:24:16.090Z,5
2 years ago,2023-08-23T19:01:07.747Z,5
2 years ago,2023-08-23T18:44:58.328Z,5
Edited 2 years ago,2023-08-23T09:04:04.190Z,5
2 years ago,2023-08-23T06:31:38.244Z,4
2 years ago,2023-08-22T20:20:17.077Z,4
2 years ago,2023-08-22T17:06:25.295Z,5
2 years ago,2023-08-22T16:58:18.788Z,5
2 years ago,2023-08-22T15:58:20.528Z,5
2 years ago,2023-08-22T15:19:39.938Z,5
2 years ago,2023-08-22T04:46:19.447Z,5
2 years ago,2023-08-20T21:55:57.542Z,5
2 years ago,2023-08-19T12:13:42.885Z,5
2 years ago,2023-08-19T09:07:11.675Z,5
2 years ago,2023-08-19T08:53:21.474Z,5
2 years ago,2023-08-18T18:29:35.875Z,4
Edited 2 years ago,2023-08-18T16:34:02.942Z,5
2 years ago,2023-08-18T11:32:30.496Z,4
2 years ago,2023-08-18T11:30:38.049Z,5
2 years ago,2023-08-17T09:05:39.501Z,5
2 years ago,2023-08-16T22:27:02.661Z,5
2 years ago,2023-08-16T18:27:24.120Z,4
2 years ago,2023-08-16T09:03:27.491Z,5
2 years ago,2023-08-15T22:37:55.964Z,5
2 years ago,2023-08-15T19:05:05.095Z,5
2 years ago,2023-08-15T09:16:07.400Z,5
2 years ago,2023-08-15T06:12:05.822Z,5
2 years ago,2023-08-14T21:36:30.948Z,5
2 years ago,2023-08-14T20:18:45.077Z,4
2 years ago,2023-08-14T07:49:22.434Z,5
2 years ago,2023-08-14T03:23:52.386Z,5
2 years ago,2023-08-13T22:12:34.243Z,5
2 years ago,2023-08-13T21:14:48.412Z,5
2 years ago,2023-08-13T16:54:53.625Z,5
2 years ago,2023-08-13T12:38:31.254Z,3
2 years ago,2023-08-13T07:57:43.150Z,4
2 years ago,2023-08-12T20:54:37.787Z,5
2 years ago,2023-08-12T06:39:45.051Z,5
2 years ago,2023-08-12T06:31:23.814Z,5
2 years ago,2023-08-12T01:04:32.584Z,5
Edited 2 years ago,2023-08-11T19:41:41.850Z,5
2 years ago,2023-08-10T19:20:40.842Z,5
2 years ago,2023-08-10T19:13:16.815Z,5
2 years ago,2023-08-10T13:54:32.922Z,5
2 years ago,2023-08-10T12:37:39.019Z,4
2 years ago,2023-08-10T12:29:15.775Z,5
2 years ago,2023-08-10T09:11:04.890Z,5
2 years ago,2023-08-10T07:25:23.106Z,5
2 years ago,2023-08-10T06:04:04.022Z,5
2 years ago,2023-08-09T18:46:05.184Z,5
2 years ago,2023-08-09T16:50:33.596Z,5
2 years ago,2023-08-09T09:47:00.128Z,5
2 years ago,2023-08-09T07:00:30.084Z,4
2 years ago,2023-08-09T03:59:58.067Z,5
2 years ago,2023-08-08T20:54:52.153Z,5
2 years ago,2023-08-08T15:41:46.055Z,5
2 years ago,2023-08-08T15:19:49.395Z,5
2 years ago,2023-08-08T10:57:43.014Z,5
2 years ago,2023-08-08T10:22:30.847Z,5
2 years ago,2023-08-08T06:03:13.882Z,5
2 years ago,2023-08-07T20:14:29.321Z,5
2 years ago,2023-08-07T20:02:26.588Z,5
2 years ago,2023-08-07T18:16:18.678Z,5
2 years ago,2023-08-07T15:03:43.949Z,5
2 years ago,2023-08-07T15:00:54.428Z,5
2 years ago,2023-08-07T14:54:03.216Z,5
2 years ago,2023-08-07T14:23:44.414Z,4
2 years ago,2023-08-06T20:48:09.094Z,5
2 years ago,2023-08-06T18:16:16.020Z,5
2 years ago,2023-08-06T15:24:51.790Z,5
2 years ago,2023-08-06T08:43:44.011Z,5
2 years ago,2023-08-06T08:09:56.134Z,5
2 years ago,2023-08-06T07:16:13.185Z,3
2 years ago,2023-08-05T21:56:36.675Z,5
2 years ago,2023-08-05T15:58:09.789Z,4
2 years ago,2023-08-05T12:00:36.088Z,4
2 years ago,2023-08-04T22:02:08.753Z,5
2 years ago,2023-08-04T21:30:13.566Z,5
2 years ago,2023-08-04T21:02:47.452Z,4
2 years ago,2023-08-04T16:44:33.816Z,5
2 years ago,2023-08-04T07:24:54.846Z,5
2 years ago,2023-08-03T22:02:24.799Z,5
2 years ago,2023-08-03T20:33:58.888Z,5
2 years ago,2023-08-03T09:50:34.043Z,5
2 years ago,2023-08-02T20:22:14.970Z,5
2 years ago,2023-08-02T08:47:21.622Z,5
2 years ago,2023-08-02T07:13:15.975Z,5
2 years ago,2023-08-01T23:45:04.357Z,5
2 years ago,2023-08-01T21:24:03.208Z,4
2 years ago,2023-08-01T16:36:04.599Z,5
2 years ago,2023-08-01T12:11:30.610Z,4
2 years ago,2023-07-31T20:45:12.993Z,5
2 years ago,2023-07-31T04:48:40.041Z,2
2 years ago,2023-07-30T20:43:15.642Z,5
2 years ago,2023-07-30T20:08:06.293Z,5
2 years ago,2023-07-30T19:48:45.043Z,5
2 years ago,2023-07-30T19:48:06.948Z,5
2 years ago,2023-07-30T18:43:32.930Z,4
2 years ago,2023-07-30T16:45:09.647Z,5
2 years ago,2023-07-30T13:59:19.604Z,5
2 years ago,2023-07-30T13:14:22.739Z,5
2 years ago,2023-07-30T06:43:01.870Z,4
2 years ago,2023-07-30T06:15:21.916Z,5
2 years ago,2023-07-29T20:07:14.488Z,5
2 years ago,2023-07-29T20:05:09.209Z,3
2 years ago,2023-07-29T11:15:22.747Z,4
2 years ago,2023-07-29T11:13:41.267Z,5
2 years ago,2023-07-29T10:54:16.148Z,4
2 years ago,2023-07-29T05:44:24.337Z,5
2 years ago,2023-07-28T19:23:27.170Z,5
2 years ago,2023-07-28T12:24:44.127Z,5
2 years ago,2023-07-28T05:37:01.222Z,5
2 years ago,2023-07-27T21:32:22.369Z,5
2 years ago,2023-07-27T19:23:22.294Z,5
2 years ago,2023-07-27T19:07:49.922Z,5
2 years ago,2023-07-27T16:57:32.757Z,5
2 years ago,2023-07-27T15:40:43.009Z,5
2 years ago,2023-07-27T07:32:09.876Z,5
2 years ago,2023-07-27T06:36:39.210Z,5
2 years ago,2023-07-26T18:56:51.433Z,4
2 years ago,2023-07-26T18:20:40.170Z,5
2 years ago,2023-07-26T11:42:03.169Z,5
2 years ago,2023-07-25T13:56:23.767Z,5
2 years ago,2023-07-25T12:12:55.034Z,5
2 years ago,2023-07-25T08:27:40.010Z,5
Edited 2 years ago,2023-07-24T20:47:35.277Z,5
2 years ago,2023-07-24T20:27:40.665Z,5
2 years ago,2023-07-24T16:47:16.730Z,5
2 years ago,2023-07-24T10:34:30.705Z,5
2 years ago,2023-07-24T09:28:14.648Z,5
2 years ago,2023-07-24T06:20:14.149Z,5
2 years ago,2023-07-23T22:26:32.866Z,5
2 years ago,2023-07-23T21:07:03.537Z,5
2 years ago,2023-07-23T19:26:18.620Z,4
2 years ago,2023-07-23T18:46:55.523Z,5
2 years ago,2023-07-23T12:00:24.828Z,5
2 years ago,2023-07-23T08:33:32.541Z,4
2 years ago,2023-07-22T23:50:36.055Z,4
2 years ago,2023-07-22T19:31:27.656Z,4
2 years ago,2023-07-22T08:58:29.614Z,5
2 years ago,2023-07-22T08:22:06.816Z,5
2 years ago,2023-07-21T17:54:53.662Z,1
2 years ago,2023-07-21T17:12:23.199Z,5
2 years ago,2023-07-21T09:48:27.704Z,5
2 years ago,2023-07-21T06:28:06.828Z,5
2 years ago,2023-07-20T19:21:13.315Z,3
2 years ago,2023-07-20T14:35:54.650Z,4
2 years ago,2023-07-20T11:34:35.381Z,5
2 years ago,2023-07-20T08:57:34.305Z,5
2 years ago,2023-07-20T05:22:46.752Z,5
Edited 2 years ago,2023-07-20T05:00:31.337Z,5
2 years ago,2023-07-19T17:35:23.458Z,2
2 years ago,2023-07-19T17:10:11.521Z,4
2 years ago,2023-07-19T10:59:34.702Z,5
2 years ago,2023-07-19T10:55:59.245Z,4
2 years ago,2023-07-19T10:14:45.788Z,5
2 years ago,2023-07-19T08:17:25.412Z,5
2 years ago,2023-07-18T19:22:10.506Z,5
2 years ago,2023-07-18T17:26:24.950Z,5
2 years ago,2023-07-18T15:33:17.028Z,5
2 years ago,2023-07-18T14:32:00.547Z,5
2 years ago,2023-07-18T13:47:51.429Z,3
2 years ago,2023-07-18T13:45:11.866Z,3
2 years ago,2023-07-18T11:57:19.046Z,5
2 years ago,2023-07-18T11:35:02.300Z,5
2 years ago,2023-07-18T07:32:53.341Z,5
2 years ago,2023-07-17T21:48:55.616Z,5
2 years ago,2023-07-17T19:03:37.205Z,1
2 years ago,2023-07-17T14:46:28.851Z,5
2 years ago,2023-07-17T12:08:23.382Z,5
Edited 2 years ago,2023-07-17T07:00:52.968Z,5
2 years ago,2023-07-16T19:41:56.154Z,5
2 years ago,2023-07-16T11:12:49.095Z,3
2 years ago,2023-07-16T10:08:41.485Z,3
2 years ago,2023-07-16T05:50:14.649Z,5
2 years ago,2023-07-15T19:24:27.883Z,5
Edited 2 years ago,2023-07-15T18:57:48.146Z,5
2 years ago,2023-07-15T16:29:10.281Z,5
2 years ago,2023-07-15T11:40:54.512Z,5
2 years ago,2023-07-15T08:57:14.779Z,5
2 years ago,2023-07-14T23:15:01.135Z,5
2 years ago,2023-07-14T20:11:05.069Z,5
2 years ago,2023-07-14T20:03:55.817Z,5
2 years ago,2023-07-13T21:09:13.686Z,5
2 years ago,2023-07-13T11:40:02.707Z,5
2 years ago,2023-07-13T08:05:42.635Z,4
2 years ago,2023-07-12T20:11:46.193Z,5
2 years ago,2023-07-12T18:20:00.756Z,5
2 years ago,2023-07-11T15:30:33.546Z,5
2 years ago,2023-07-11T14:30:45.426Z,5
2 years ago,2023-07-11T08:23:00.043Z,5
2 years ago,2023-07-11T06:26:28.740Z,5
2 years ago,2023-07-10T20:10:38.880Z,5
2 years ago,2023-07-10T17:01:59.092Z,4
2 years ago,2023-07-10T16:57:40.448Z,4
2 years ago,2023-07-10T16:18:03.326Z,4
2 years ago,2023-07-10T08:23:38.195Z,5
2 years ago,2023-07-09T22:10:31.047Z,5
2 years ago,2023-07-09T19:31:49.483Z,5
2 years ago,2023-07-09T15:55:54.186Z,5
2 years ago,2023-07-09T08:45:08.967Z,3
2 years ago,2023-07-09T07:19:01.096Z,4
2 years ago,2023-07-08T19:37:49.016Z,5
2 years ago,2023-07-08T19:26:58.765Z,5
2 years ago,2023-07-08T16:24:56.800Z,5
2 years ago,2023-07-08T05:54:09.455Z,5
2 years ago,2023-07-08T02:37:03.841Z,5
2 years ago,2023-07-07T08:49:04.218Z,5
2 years ago,2023-07-07T05:50:16.565Z,5
2 years ago,2023-07-07T00:27:14.287Z,5
2 years ago,2023-07-06T19:39:59.552Z,3
2 years ago,2023-07-06T11:04:53.152Z,4
2 years ago,2023-07-06T10:57:01.752Z,5
2 years ago,2023-07-05T11:33:57.843Z,5
2 years ago,2023-07-05T05:54:24.025Z,5
2 years ago,2023-07-04T22:25:04.792Z,5
2 years ago,2023-07-04T22:06:10.559Z,5
2 years ago,2023-07-04T18:03:37.196Z,4
2 years ago,2023-07-04T17:10:06.013Z,5
2 years ago,2023-07-04T15:57:11.747Z,5
2 years ago,2023-07-04T13:41:21.066Z,5
2 years ago,2023-07-04T11:44:43.348Z,5
2 years ago,2023-07-04T07:14:26.660Z,4
2 years ago,2023-07-04T07:12:08.394Z,1
2 years ago,2023-07-04T03:09:46.969Z,5
2 years ago,2023-07-03T17:46:08.648Z,5
2 years ago,2023-07-03T14:42:54.442Z,5
2 years ago,2023-07-03T14:17:58.730Z,5
2 years ago,2023-07-03T12:55:11.733Z,5
2 years ago,2023-07-03T11:34:00.348Z,5
2 years ago,2023-07-02T18:22:45.204Z,5
2 years ago,2023-07-02T17:59:17.586Z,4
2 years ago,2023-07-02T15:44:56.234Z,4
2 years ago,2023-07-02T13:42:40.702Z,5
2 years ago,2023-07-02T09:55:57.383Z,3
2 years ago,2023-07-02T08:32:05.718Z,5
2 years ago,2023-07-02T06:23:15.030Z,5
2 years ago,2023-07-01T17:04:34.911Z,4
2 years ago,2023-07-01T16:26:16.224Z,5
2 years ago,2023-07-01T15:28:47.266Z,5
2 years ago,2023-07-01T13:56:09.791Z,5
2 years ago,2023-07-01T11:56:13.554Z,5
2 years ago,2023-07-01T10:31:43.692Z,5
2 years ago,2023-07-01T09:19:58.320Z,4
2 years ago,2023-07-01T08:33:20.320Z,5
2 years ago,2023-07-01T02:29:16.779Z,5
2 years ago,2023-06-30T21:31:53.157Z,2
2 years ago,2023-06-30T20:19:59.968Z,5
2 years ago,2023-06-30T20:10:18.541Z,5
2 years ago,2023-06-30T15:52:28.401Z,5
2 years ago,2023-06-30T13:05:17.060Z,5
2 years ago,2023-06-30T06:50:45.512Z,5
2 years ago,2023-06-29T23:13:30.613Z,5
2 years ago,2023-06-29T21:19:38.564Z,5
2 years ago,2023-06-29T16:20:37.396Z,5
2 years ago,2023-06-29T10:09:40.985Z,5
2 years ago,2023-06-29T07:30:10.206Z,4
2 years ago,2023-06-28T20:31:42.609Z,5
2 years ago,2023-06-28T20:27:07.360Z,5
2 years ago,2023-06-28T20:23:14.851Z,5
2 years ago,2023-06-28T17:27:45.463Z,5
2 years ago,2023-06-28T09:39:54.309Z,5
2 years ago,2023-06-28T02:12:37.347Z,5
2 years ago,2023-06-27T18:53:22.309Z,5
2 years ago,2023-06-27T17:14:15.047Z,5
2 years ago,2023-06-27T15:28:58.883Z,5
Edited 2 years ago,2023-06-27T15:01:42.068Z,5
2 years ago,2023-06-27T07:03:28.837Z,5
2 years ago,2023-06-27T06:34:59.157Z,5
2 years ago,2023-06-27T06:33:13.739Z,5
2 years ago,2023-06-26T10:26:03.470Z,5
2 years ago,2023-06-25T14:41:45.791Z,4
2 years ago,2023-06-25T14:35:28.291Z,5
2 years ago,2023-06-24T17:43:36.679Z,4
2 years ago,2023-06-24T15:15:41.879Z,5
2 years ago,2023-06-24T13:21:38.893Z,5
2 years ago,2023-06-24T08:14:44.198Z,5
Edited 2 years ago,2023-06-23T19:19:42.694Z,5
2 years ago,2023-06-23T17:53:40.813Z,3
2 years ago,2023-06-23T15:18:59.825Z,5
2 years ago,2023-06-22T16:11:25.066Z,5
2 years ago,2023-06-22T03:52:16.230Z,5
2 years ago,2023-06-21T06:28:17.245Z,5
2 years ago,2023-06-20T15:40:25.384Z,5
2 years ago,2023-06-20T09:55:10.166Z,5
2 years ago,2023-06-20T09:06:12.574Z,5
2 years ago,2023-06-20T04:54:06.292Z,5
2 years ago,2023-06-19T21:26:04.603Z,5
2 years ago,2023-06-19T12:38:53.821Z,5
2 years ago,2023-06-19T07:28:56.865Z,5
2 years ago,2023-06-18T21:11:20.996Z,5
2 years ago,2023-06-18T14:38:13.123Z,5
2 years ago,2023-06-17T12:26:21.424Z,5
2 years ago,2023-06-17T03:57:26.100Z,5
2 years ago,2023-06-16T21:09:02.787Z,4
Edited 2 years ago,2023-06-16T06:14:31.983Z,5
2 years ago,2023-06-15T20:14:32.378Z,5
2 years ago,2023-06-15T19:31:36.979Z,5
2 years ago,2023-06-14T19:59:59.716Z,5
2 years ago,2023-06-14T18:03:04.561Z,4
2 years ago,2023-06-14T12:52:57.373Z,5
2 years ago,2023-06-14T12:38:24.109Z,5
2 years ago,2023-06-14T08:04:57.168Z,5
2 years ago,2023-06-13T19:27:17.898Z,4
2 years ago,2023-06-13T07:40:55.684Z,5
2 years ago,2023-06-12T17:24:57.997Z,5
2 years ago,2023-06-12T17:15:15.897Z,5
2 years ago,2023-06-11T01:51:42.775Z,5
2 years ago,2023-06-10T22:25:50.388Z,5
2 years ago,2023-06-10T12:33:03.013Z,5
2 years ago,2023-06-09T18:51:15.858Z,5
2 years ago,2023-06-08T19:04:59.801Z,5
2 years ago,2023-06-08T16:09:29.618Z,5
2 years ago,2023-06-08T08:03:36.874Z,5
2 years ago,2023-06-07T21:00:32.927Z,5
2 years ago,2023-06-05T14:30:34.385Z,5
2 years ago,2023-06-05T03:50:13.990Z,5
2 years ago,2023-06-04T17:49:54.341Z,5
2 years ago,2023-06-04T06:35:28.883Z,5
2 years ago,2023-06-02T11:17:29.171Z,5
2 years ago,2023-06-02T06:22:09.890Z,5
2 years ago,2023-06-01T19:03:06.223Z,5
2 years ago,2023-05-31T21:41:30.413Z,5
2 years ago,2023-05-31T19:26:12.126Z,5
2 years ago,2023-05-31T18:58:14.367Z,5
2 years ago,2023-05-31T14:39:18.991Z,4
2 years ago,2023-05-30T18:50:21.578Z,4
2 years ago,2023-05-30T11:58:10.398Z,5
2 years ago,2023-05-28T04:24:33.499Z,5
2 years ago,2023-05-25T08:57:58.513Z,5
2 years ago,2023-05-23T17:32:14.742Z,5
2 years ago,2023-05-23T12:48:52.143Z,5
2 years ago,2023-05-22T16:26:35.770Z,5
2 years ago,2023-05-21T19:39:24.982Z,5
2 years ago,2023-05-21T10:46:16.753Z,5
2 years ago,2023-05-21T10:00:32.232Z,5
2 years ago,2023-05-20T11:23:34.065Z,5
2 years ago,2023-05-20T11:05:27.427Z,5
2 years ago,2023-05-19T18:47:19.937Z,3
2 years ago,2023-05-18T10:38:55.944Z,5
2 years ago,2023-05-18T07:53:57.450Z,5
2 years ago,2023-05-17T11:38:02.738Z,5
2 years ago,2023-05-17T08:42:44.541Z,4
2 years ago,2023-05-16T20:41:24.391Z,5
2 years ago,2023-05-16T18:46:18.274Z,5
2 years ago,2023-05-16T14:22:57.659Z,5
2 years ago,2023-05-16T04:47:15.331Z,5
2 years ago,2023-05-15T21:09:51.152Z,4
2 years ago,2023-05-14T14:25:18.940Z,5
2 years ago,2023-05-14T08:14:29.080Z,5
2 years ago,2023-05-12T22:22:20.230Z,5
2 years ago,2023-05-12T08:10:23.456Z,5
2 years ago,2023-05-10T13:31:29.038Z,5
2 years ago,2023-05-10T10:13:22.915Z,5
2 years ago,2023-05-07T18:20:18.324Z,4
2 years ago,2023-05-07T18:08:41.718Z,5
2 years ago,2023-05-07T05:14:14.292Z,4
2 years ago,2023-05-06T21:21:21.205Z,5
2 years ago,2023-05-06T20:26:52.743Z,5
2 years ago,2023-05-06T18:16:16.980Z,5
2 years ago,2023-05-06T13:31:40.238Z,3
2 years ago,2023-05-06T09:49:09.744Z,5
2 years ago,2023-05-05T08:30:33.146Z,5
Edited 2 years ago,2023-05-05T04:58:49.217Z,5
2 years ago,2023-05-04T06:41:25.052Z,5
2 years ago,2023-05-03T21:38:02.576Z,5
2 years ago,2023-05-03T20:21:24.183Z,5
2 years ago,2023-05-03T15:50:01.326Z,5
2 years ago,2023-05-02T17:16:54.872Z,5
2 years ago,2023-05-02T06:56:30.443Z,5
2 years ago,2023-05-02T06:50:39.555Z,5
2 years ago,2023-05-02T05:24:27.805Z,5
3 years ago,2023-04-30T14:41:07.808Z,5
3 years ago,2023-04-30T09:30:27.327Z,5
3 years ago,2023-04-29T17:56:05.616Z,5
3 years ago,2023-04-29T17:40:03.092Z,4
3 years ago,2023-04-29T16:08:39.692Z,4
3 years ago,2023-04-28T20:17:11.197Z,5
3 years ago,2023-04-28T18:00:16.986Z,5
3 years ago,2023-04-28T15:33:00.422Z,5
3 years ago,2023-04-28T08:58:56.862Z,5
3 years ago,2023-04-27T15:41:55.828Z,5
3 years ago,2023-04-27T15:06:51.948Z,5
3 years ago,2023-04-27T12:21:58.305Z,5
3 years ago,2023-04-27T11:45:13.851Z,5
3 years ago,2023-04-27T10:31:23.451Z,5
3 years ago,2023-04-26T05:01:19.804Z,5
3 years ago,2023-04-25T19:58:43.449Z,5
3 years ago,2023-04-25T10:27:27.994Z,5
3 years ago,2023-04-24T20:30:58.344Z,5
3 years ago,2023-04-24T17:37:19.049Z,5
3 years ago,2023-04-24T10:54:22.210Z,3
3 years ago,2023-04-22T19:45:09.801Z,5
3 years ago,2023-04-22T13:54:29.006Z,5
3 years ago,2023-04-19T23:34:24.199Z,5
3 years ago,2023-04-18T16:52:22.057Z,5
3 years ago,2023-04-18T13:26:03.596Z,5
3 years ago,2023-04-18T09:48:14.358Z,5
3 years ago,2023-04-17T18:35:57.334Z,5
3 years ago,2023-04-16T16:35:59.844Z,4
3 years ago,2023-04-15T19:14:16.096Z,5
3 years ago,2023-04-15T08:42:34.651Z,5
3 years ago,2023-04-14T21:24:25.561Z,4
3 years ago,2023-04-14T09:11:32.923Z,5
3 years ago,2023-04-13T05:56:04.040Z,3
3 years ago,2023-04-12T15:19:19.731Z,5
3 years ago,2023-04-12T10:41:21.157Z,4
3 years ago,2023-04-11T19:04:24.966Z,5
3 years ago,2023-04-11T12:35:17.910Z,5
3 years ago,2023-04-09T04:26:11.594Z,4
3 years ago,2023-04-01T16:37:50.971Z,5
3 years ago,2023-04-01T15:55:47.498Z,3
3 years ago,2023-04-01T15:20:42.379Z,3
3 years ago,2023-04-01T14:10:42.913Z,5
3 years ago,2023-03-30T20:45:42.948Z,5
3 years ago,2023-03-30T20:36:02.515Z,5
3 years ago,2023-03-30T07:00:12.945Z,5
3 years ago,2023-03-28T08:52:35.263Z,5
3 years ago,2023-03-28T08:33:36.470Z,5
3 years ago,2023-03-28T07:55:36.881Z,4
3 years ago,2023-03-28T00:10:19.370Z,5
3 years ago,2023-03-27T02:09:01.251Z,5
3 years ago,2023-03-26T10:27:52.284Z,5
3 years ago,2023-03-25T21:24:32.547Z,5
3 years ago,2023-03-21T14:59:12.010Z,5
3 years ago,2023-03-20T10:25:02.772Z,5
3 years ago,2023-03-19T11:39:43.232Z,5
3 years ago,2023-03-18T05:29:14.942Z,4
3 years ago,2023-03-15T18:05:07.426Z,5
3 years ago,2023-03-15T16:14:54.824Z,5
3 years ago,2023-03-15T06:20:22.509Z,5
3 years ago,2023-03-13T19:51:09.697Z,5
3 years ago,2023-03-11T22:57:58.361Z,5
3 years ago,2023-03-11T20:11:22.383Z,5
3 years ago,2023-03-10T21:51:05.737Z,5
3 years ago,2023-03-09T16:37:03.018Z,5
3 years ago,2023-03-07T09:49:07.697Z,5
3 years ago,2023-03-06T20:08:20.735Z,5
3 years ago,2023-03-05T15:28:16.673Z,5
3 years ago,2023-03-04T23:24:20.341Z,5
3 years ago,2023-03-04T19:43:46.907Z,5
3 years ago,2023-03-04T15:56:00.808Z,5
3 years ago,2023-03-04T12:38:37.762Z,4
3 years ago,2023-03-01T15:25:22.573Z,5
3 years ago,2023-02-28T15:51:47.921Z,5
3 years ago,2023-02-27T12:15:08.452Z,5
3 years ago,2023-02-26T21:51:48.817Z,5
3 years ago,2023-02-26T06:14:51.059Z,5
3 years ago,2023-02-25T15:00:19.219Z,4
3 years ago,2023-02-21T16:50:38.816Z,4
3 years ago,2023-02-21T07:14:35.032Z,4
Edited 3 years ago,2023-02-19T23:13:05.814Z,3
3 years ago,2023-02-19T12:27:54.551Z,3
3 years ago,2023-02-18T14:14:32.581Z,5
3 years ago,2023-02-18T13:11:19.848Z,5
3 years ago,2023-02-17T12:11:15.853Z,5
3 years ago,2023-02-17T05:43:48.902Z,5
3 years ago,2023-02-16T16:00:43.996Z,5
3 years ago,2023-02-16T11:05:20.793Z,5
3 years ago,2023-02-16T10:02:47.658Z,5
3 years ago,2023-02-15T11:51:52.256Z,3
3 years ago,2023-02-14T13:29:58.185Z,5
3 years ago,2023-02-14T07:42:10.605Z,5
3 years ago,2023-02-13T16:39:01.587Z,5
3 years ago,2023-02-13T15:02:49.695Z,5
3 years ago,2023-02-13T10:01:53.278Z,3
3 years ago,2023-02-12T23:10:11.988Z,5
3 years ago,2023-02-12T16:08:47.398Z,5
3 years ago,2023-02-12T15:53:43.742Z,5
3 years ago,2023-02-12T09:23:21.487Z,4
3 years ago,2023-02-12T08:53:06.313Z,5
3 years ago,2023-02-10T19:08:12.576Z,4
3 years ago,2023-02-10T13:04:23.516Z,5
3 years ago,2023-02-07T20:26:19.735Z,5
3 years ago,2023-02-07T08:32:50.170Z,5
3 years ago,2023-02-07T04:47:06.797Z,4
3 years ago,2023-02-06T12:55:31.848Z,5
3 years ago,2023-02-05T18:06:03.525Z,5
3 years ago,2023-02-05T06:44:40.577Z,5
Edited 3 years ago,2023-02-04T17:35:32.762Z,5
3 years ago,2023-02-04T10:28:18.851Z,5
3 years ago,2023-02-04T07:12:50.542Z,5
3 years ago,2023-02-03T21:04:54.470Z,4
3 years ago,2023-02-03T19:21:28.686Z,5
3 years ago,2023-02-02T19:43:34.666Z,3
3 years ago,2023-02-02T19:43:06.397Z,5
3 years ago,2023-02-01T23:01:07.843Z,5
3 years ago,2023-02-01T21:02:36.523Z,5
3 years ago,2023-02-01T18:33:55.415Z,5
3 years ago,2023-01-31T19:48:20.665Z,2
3 years ago,2023-01-31T17:01:28.027Z,5
3 years ago,2023-01-31T12:04:06.279Z,5
Edited 3 years ago,2023-01-31T06:52:11.239Z,5
3 years ago,2023-01-31T06:14:24.627Z,5
3 years ago,2023-01-31T05:38:37.267Z,5
3 years ago,2023-01-31T05:29:47.263Z,5
3 years ago,2023-01-30T14:48:27.081Z,5
3 years ago,2023-01-30T13:48:10.185Z,5
3 years ago,2023-01-30T05:31:26.678Z,5
3 years ago,2023-01-29T20:07:49.280Z,5
3 years ago,2023-01-29T12:01:15.488Z,5
3 years ago,2023-01-28T19:20:15.256Z,5
3 years ago,2023-01-28T11:35:01.291Z,5
3 years ago,2023-01-28T02:37:26.858Z,5
3 years ago,2023-01-27T17:47:46.431Z,5
3 years ago,2023-01-26T19:58:55.346Z,5
3 years ago,2023-01-26T18:30:40.982Z,4
3 years ago,2023-01-25T20:33:49.401Z,5
3 years ago,2023-01-25T20:07:17.878Z,5
3 years ago,2023-01-25T13:41:35.597Z,5
3 years ago,2023-01-25T13:25:27.412Z,5
3 years ago,2023-01-25T07:30:27.657Z,5
3 years ago,2023-01-24T10:09:37.446Z,5
3 years ago,2023-01-23T20:39:19.312Z,5
3 years ago,2023-01-23T12:11:19.379Z,4
3 years ago,2023-01-23T06:43:31.780Z,5
3 years ago,2023-01-22T22:06:59.727Z,5
3 years ago,2023-01-22T09:59:43.555Z,5
3 years ago,2023-01-22T09:22:57.989Z,4
3 years ago,2023-01-21T10:35:03.456Z,5
3 years ago,2023-01-19T07:34:21.881Z,5
Edited 3 years ago,2023-01-17T14:12:33.096Z,5
3 years ago,2023-01-17T09:53:13.080Z,5
3 years ago,2023-01-16T21:26:16.934Z,5
3 years ago,2023-01-16T18:06:59.979Z,5
3 years ago,2023-01-16T15:59:25.473Z,5
3 years ago,2023-01-16T14:47:26.538Z,4
3 years ago,2023-01-16T14:42:04.452Z,5
3 years ago,2023-01-15T19:26:49.609Z,5
3 years ago,2023-01-15T06:15:09.440Z,5
3 years ago,2023-01-14T09:22:28.028Z,5
3 years ago,2023-01-13T12:38:14.439Z,5
3 years ago,2023-01-13T10:00:25.892Z,4
3 years ago,2023-01-13T07:19:27.148Z,5
3 years ago,2023-01-12T13:41:42.247Z,5
3 years ago,2023-01-12T12:42:57.042Z,5
3 years ago,2023-01-12T11:42:55.335Z,4
3 years ago,2023-01-11T13:57:02.369Z,5
3 years ago,2023-01-10T22:34:53.038Z,5
3 years ago,2023-01-10T12:40:43.904Z,5
3 years ago,2023-01-10T10:29:40.942Z,4
3 years ago,2023-01-10T09:57:09.400Z,5
3 years ago,2023-01-09T20:18:25.364Z,5
3 years ago,2023-01-09T20:10:01.482Z,4
3 years ago,2023-01-09T19:36:23.687Z,5
3 years ago,2023-01-09T10:15:22.412Z,5
3 years ago,2023-01-08T18:23:36.662Z,5
3 years ago,2023-01-08T11:40:49.337Z,3
3 years ago,2023-01-07T23:45:52.373Z,5
3 years ago,2023-01-07T08:15:48.343Z,5
Edited 3 years ago,2023-01-05T20:10:47.255Z,4
3 years ago,2023-01-05T15:42:50.499Z,5
3 years ago,2023-01-05T09:20:50.516Z,5
3 years ago,2023-01-03T15:06:45.899Z,4
3 years ago,2023-01-03T06:49:41.603Z,5
3 years ago,2023-01-03T06:39:36.483Z,5
3 years ago,2023-01-02T15:56:49.003Z,5
3 years ago,2023-01-02T15:25:21.267Z,5
3 years ago,2023-01-02T07:07:40.198Z,5
3 years ago,2023-01-01T15:01:04.188Z,4
3 years ago,2023-01-01T12:27:29.974Z,5
3 years ago,2023-01-01T09:25:09.712Z,5
3 years ago,2022-12-31T09:29:18.414Z,5
3 years ago,2022-12-31T07:08:36.038Z,3
3 years ago,2022-12-30T04:05:10.689Z,3
3 years ago,2022-12-29T20:05:32.499Z,4
3 years ago,2022-12-29T18:50:17.276Z,5
3 years ago,2022-12-29T16:55:17.294Z,5
3 years ago,2022-12-29T04:45:07.112Z,5
3 years ago,2022-12-28T08:56:13.222Z,5
3 years ago,2022-12-28T08:17:53.283Z,3
3 years ago,2022-12-27T16:58:31.240Z,5
3 years ago,2022-12-27T07:33:33.186Z,5
3 years ago,2022-12-25T20:38:51.516Z,5
3 years ago,2022-12-25T17:38:48.433Z,5
3 years ago,2022-12-25T13:30:36.127Z,4
3 years ago,2022-12-24T23:25:35.108Z,5
3 years ago,2022-12-23T13:24:05.633Z,4
3 years ago,2022-12-21T16:08:38.083Z,5
3 years ago,2022-12-21T08:30:06.331Z,5
3 years ago,2022-12-20T18:24:47.285Z,5
3 years ago,2022-12-18T13:48:41.642Z,5
3 years ago,2022-12-17T22:07:54.984Z,4
3 years ago,2022-12-17T13:54:06.239Z,5
3 years ago,2022-12-16T07:47:27.241Z,4
3 years ago,2022-12-15T18:34:24.045Z,5
3 years ago,2022-12-15T09:17:14.569Z,5
3 years ago,2022-12-14T19:22:06.772Z,5
3 years ago,2022-12-14T12:42:41.611Z,5
3 years ago,2022-12-13T15:09:10.214Z,5
3 years ago,2022-12-13T10:58:37.993Z,5
3 years ago,2022-12-12T22:44:54.651Z,5
3 years ago,2022-12-12T09:17:18.565Z,4
3 years ago,2022-12-11T22:37:17.771Z,5
3 years ago,2022-12-11T21:09:27.868Z,5
3 years ago,2022-12-11T20:17:20.832Z,5
3 years ago,2022-12-11T19:08:24.621Z,5
3 years ago,2022-12-11T03:45:07.713Z,5
3 years ago,2022-12-11T00:00:25.756Z,5
3 years ago,2022-12-10T20:48:42.746Z,5
3 years ago,2022-12-10T19:57:45.744Z,5
Edited 3 years ago,2022-12-10T06:29:03.577Z,5
3 years ago,2022-12-09T13:11:12.871Z,5
3 years ago,2022-12-09T09:43:40.580Z,5
3 years ago,2022-12-08T20:34:46.249Z,4
3 years ago,2022-12-08T20:01:12.974Z,5
3 years ago,2022-12-08T04:45:34.404Z,4
3 years ago,2022-12-07T23:44:05.892Z,5
3 years ago,2022-12-07T16:27:00.172Z,5
3 years ago,2022-12-06T15:53:10.413Z,5
3 years ago,2022-12-06T07:10:38.020Z,5
3 years ago,2022-12-05T18:57:32.573Z,5
3 years ago,2022-12-05T09:53:36.068Z,5
3 years ago,2022-12-04T11:44:43.002Z,5
3 years ago,2022-12-04T09:18:34.046Z,5
3 years ago,2022-12-02T17:33:24.920Z,5
Edited 3 years ago,2022-12-02T14:52:49.591Z,5
3 years ago,2022-12-02T11:48:49.055Z,5
3 years ago,2022-11-30T14:59:15.150Z,3
3 years ago,2022-11-30T08:52:18.370Z,5
3 years ago,2022-11-30T08:34:28.060Z,5
3 years ago,2022-11-29T11:56:10.992Z,5
3 years ago,2022-11-29T08:21:36.391Z,5
3 years ago,2022-11-28T18:43:45.811Z,5
3 years ago,2022-11-28T11:34:39.269Z,5
3 years ago,2022-11-28T09:05:45.556Z,5
3 years ago,2022-11-28T06:15:03.455Z,5
3 years ago,2022-11-27T17:06:46.381Z,5
3 years ago,2022-11-27T07:26:34.893Z,5
3 years ago,2022-11-25T09:28:44.334Z,5
3 years ago,2022-11-24T04:08:26.543Z,4
3 years ago,2022-11-23T20:29:35.314Z,5
3 years ago,2022-11-23T19:02:03.012Z,3
3 years ago,2022-11-23T11:44:37.621Z,5
3 years ago,2022-11-22T14:55:38.510Z,5
3 years ago,2022-11-22T06:17:20.347Z,4
3 years ago,2022-11-21T20:55:48.568Z,4
3 years ago,2022-11-21T20:50:11.091Z,3
3 years ago,2022-11-21T19:16:00.520Z,5
3 years ago,2022-11-21T17:47:19.014Z,5
3 years ago,2022-11-20T14:58:58.182Z,5
3 years ago,2022-11-20T14:14:51.527Z,5
3 years ago,2022-11-20T05:53:43.417Z,5
3 years ago,2022-11-20T04:06:12.874Z,5
3 years ago,2022-11-19T18:48:16.234Z,5
3 years ago,2022-11-19T18:30:03.817Z,4
3 years ago,2022-11-19T08:28:35.831Z,3
3 years ago,2022-11-18T14:37:12.824Z,4
3 years ago,2022-11-18T05:03:00.366Z,5
3 years ago,2022-11-17T20:23:00.350Z,5
3 years ago,2022-11-17T20:06:40.189Z,5
3 years ago,2022-11-17T19:47:10.489Z,5
3 years ago,2022-11-16T21:04:38.896Z,5
3 years ago,2022-11-16T17:23:03.457Z,5
3 years ago,2022-11-16T12:16:39.765Z,3
3 years ago,2022-11-16T05:54:42.415Z,5
3 years ago,2022-11-15T19:38:57.228Z,5
3 years ago,2022-11-15T13:27:06.808Z,5
3 years ago,2022-11-15T09:05:07.000Z,4
3 years ago,2022-11-15T07:55:01.117Z,5
3 years ago,2022-11-14T19:43:49.868Z,2
3 years ago,2022-11-14T18:37:30.786Z,5
3 years ago,2022-11-14T16:59:21.790Z,4
3 years ago,2022-11-14T14:22:41.958Z,5
3 years ago,2022-11-14T07:04:11.801Z,4
3 years ago,2022-11-13T17:00:51.064Z,4
3 years ago,2022-11-13T12:37:23.147Z,5
3 years ago,2022-11-12T17:23:27.647Z,4
3 years ago,2022-11-12T06:19:15.139Z,5
3 years ago,2022-11-11T17:26:24.435Z,5
3 years ago,2022-11-11T17:25:39.798Z,5
3 years ago,2022-11-10T17:11:40.347Z,5
Edited 3 years ago,2022-11-10T17:10:57.936Z,5
3 years ago,2022-11-10T13:34:34.822Z,5
3 years ago,2022-11-10T07:36:02.139Z,4
3 years ago,2022-11-09T05:55:57.224Z,5
3 years ago,2022-11-08T21:22:14.605Z,5
3 years ago,2022-11-08T13:08:50.484Z,5
3 years ago,2022-11-08T12:38:11.717Z,5
3 years ago,2022-11-08T12:30:47.491Z,5
3 years ago,2022-11-07T13:43:18.789Z,4
3 years ago,2022-11-07T12:16:52.134Z,5
3 years ago,2022-11-07T08:18:08.500Z,5
3 years ago,2022-11-07T05:24:08.119Z,4
3 years ago,2022-11-06T19:26:27.975Z,4
3 years ago,2022-11-06T16:06:54.134Z,5
3 years ago,2022-11-06T15:46:01.587Z,5
3 years ago,2022-11-06T11:20:04.761Z,5
3 years ago,2022-11-06T08:33:03.739Z,5
3 years ago,2022-11-06T08:14:15.289Z,5
3 years ago,2022-11-05T23:38:19.780Z,5
3 years ago,2022-11-05T20:31:06.151Z,5
3 years ago,2022-11-05T11:49:05.588Z,5
3 years ago,2022-11-05T06:03:28.792Z,5
3 years ago,2022-11-04T20:11:21.589Z,5
3 years ago,2022-11-04T07:26:00.755Z,5
3 years ago,2022-11-04T04:20:50.875Z,5
3 years ago,2022-11-03T23:10:31.546Z,5
3 years ago,2022-11-03T16:42:13.361Z,4
Edited 3 years ago,2022-11-03T09:53:11.790Z,5
3 years ago,2022-11-03T08:00:00.774Z,5
3 years ago,2022-11-02T15:24:42.866Z,5
3 years ago,2022-11-02T12:16:31.777Z,5
3 years ago,2022-11-02T11:05:16.770Z,5
3 years ago,2022-11-02T09:23:34.981Z,5
3 years ago,2022-11-02T07:24:52.276Z,5
3 years ago,2022-11-01T18:35:17.413Z,5
3 years ago,2022-11-01T09:42:51.843Z,5
3 years ago,2022-11-01T08:05:48.341Z,5
3 years ago,2022-11-01T01:46:17.129Z,5
3 years ago,2022-10-31T14:44:44.174Z,5
3 years ago,2022-10-30T18:42:57.275Z,5
3 years ago,2022-10-30T18:31:19.953Z,4
3 years ago,2022-10-30T08:54:02.307Z,5
3 years ago,2022-10-30T06:42:40.028Z,5
3 years ago,2022-10-29T19:34:10.514Z,5
3 years ago,2022-10-29T17:52:05.623Z,5
3 years ago,2022-10-28T21:50:21.892Z,5
3 years ago,2022-10-28T19:36:06.917Z,5
3 years ago,2022-10-28T08:55:52.819Z,5
3 years ago,2022-10-27T16:26:08.662Z,5
3 years ago,2022-10-27T14:38:17.695Z,5
3 years ago,2022-10-27T13:13:29.645Z,5
3 years ago,2022-10-26T18:33:06.501Z,5
Edited 3 years ago,2022-10-25T21:56:43.935Z,5
3 years ago,2022-10-25T19:49:23.663Z,5
3 years ago,2022-10-25T16:39:35.977Z,4
3 years ago,2022-10-25T07:39:07.181Z,5
3 years ago,2022-10-24T11:50:51.192Z,5
3 years ago,2022-10-24T06:38:31.048Z,4
3 years ago,2022-10-23T18:35:25.561Z,5
3 years ago,2022-10-23T08:22:28.936Z,5
Edited 3 years ago,2022-10-23T06:35:42.503Z,5
3 years ago,2022-10-22T15:08:59.923Z,5
3 years ago,2022-10-22T05:12:14.718Z,4
Edited 3 years ago,2022-10-21T09:34:44.529Z,5
3 years ago,2022-10-21T01:55:02.354Z,5
3 years ago,2022-10-20T10:04:26.382Z,5
3 years ago,2022-10-19T15:30:33.870Z,5
3 years ago,2022-10-18T19:06:42.151Z,5
3 years ago,2022-10-18T16:02:18.490Z,5
3 years ago,2022-10-18T12:20:41.112Z,5
3 years ago,2022-10-18T09:49:16.510Z,5
3 years ago,2022-10-18T06:27:13.324Z,5
3 years ago,2022-10-17T06:54:21.922Z,5
3 years ago,2022-10-16T12:33:06.476Z,5
3 years ago,2022-10-16T11:00:49.607Z,5
3 years ago,2022-10-16T10:28:39.298Z,5
3 years ago,2022-10-15T19:27:14.811Z,4
3 years ago,2022-10-14T13:37:31.557Z,5
3 years ago,2022-10-14T12:20:33.800Z,5
3 years ago,2022-10-13T14:05:00.814Z,4
3 years ago,2022-10-12T18:03:10.758Z,5
3 years ago,2022-10-12T00:14:19.974Z,5
3 years ago,2022-10-11T17:56:35.359Z,4
3 years ago,2022-10-10T18:29:35.187Z,4
Edited 3 years ago,2022-10-10T10:27:18.617Z,5
3 years ago,2022-10-10T02:43:42.571Z,5
Edited 3 years ago,2022-10-09T08:44:31.489Z,5
Edited 3 years ago,2022-10-09T07:05:57.570Z,5
3 years ago,2022-10-08T19:42:35.905Z,5
3 years ago,2022-10-08T14:41:10.596Z,4
3 years ago,2022-10-08T06:16:00.358Z,4
3 years ago,2022-10-07T12:34:04.995Z,4
3 years ago,2022-10-07T10:42:44.122Z,4
3 years ago,2022-10-06T12:24:33.530Z,5
3 years ago,2022-10-06T11:36:56.283Z,5
3 years ago,2022-10-06T08:38:03.584Z,4
3 years ago,2022-10-05T18:17:35.651Z,5
3 years ago,2022-10-05T16:29:12.532Z,5
3 years ago,2022-10-05T15:19:45.201Z,5
3 years ago,2022-10-05T09:13:05.089Z,5
3 years ago,2022-10-04T18:35:33.536Z,5
3 years ago,2022-10-04T12:06:58.250Z,5
3 years ago,2022-10-03T16:50:10.998Z,5
3 years ago,2022-10-03T10:47:02.889Z,5
3 years ago,2022-10-03T02:26:51.045Z,5
3 years ago,2022-10-02T22:32:31.155Z,5
3 years ago,2022-10-02T15:47:24.541Z,1
3 years ago,2022-10-02T13:46:03.241Z,4
3 years ago,2022-10-02T13:06:23.595Z,5
3 years ago,2022-10-02T06:52:52.745Z,4
3 years ago,2022-10-02T06:33:21.731Z,3
3 years ago,2022-10-01T21:09:25.505Z,5
3 years ago,2022-10-01T20:28:10.606Z,5
3 years ago,2022-10-01T14:38:47.670Z,5
3 years ago,2022-10-01T11:56:40.809Z,4
3 years ago,2022-10-01T11:37:07.517Z,5
3 years ago,2022-10-01T10:54:03.099Z,5
3 years ago,2022-10-01T09:11:14.797Z,5
3 years ago,2022-09-30T12:56:26.704Z,4
Edited 3 years ago,2022-09-30T08:10:21.977Z,5
3 years ago,2022-09-29T19:26:05.697Z,3
3 years ago,2022-09-29T17:51:17.426Z,4
3 years ago,2022-09-28T21:23:41.412Z,1
3 years ago,2022-09-28T18:17:16.675Z,3
3 years ago,2022-09-28T11:37:52.915Z,4
3 years ago,2022-09-27T09:40:31.400Z,5
3 years ago,2022-09-25T17:00:15.031Z,5
3 years ago,2022-09-24T18:23:37.724Z,5
3 years ago,2022-09-24T08:42:08.656Z,5
3 years ago,2022-09-23T16:41:50.714Z,5
3 years ago,2022-09-23T16:40:04.658Z,5
3 years ago,2022-09-23T12:43:08.221Z,3
3 years ago,2022-09-22T09:46:41.300Z,5
3 years ago,2022-09-22T08:51:52.216Z,5
3 years ago,2022-09-21T12:03:58.560Z,5
3 years ago,2022-09-21T11:19:52.127Z,5
3 years ago,2022-09-21T10:43:17.961Z,5
3 years ago,2022-09-20T20:11:16.178Z,5
3 years ago,2022-09-20T05:42:49.620Z,4
3 years ago,2022-09-19T17:12:35.859Z,5
3 years ago,2022-09-19T12:16:45.779Z,5
3 years ago,2022-09-19T11:38:30.380Z,5
3 years ago,2022-09-18T21:54:17.776Z,4
3 years ago,2022-09-18T20:19:52.841Z,5
3 years ago,2022-09-18T12:20:32.252Z,5
3 years ago,2022-09-18T10:59:29.816Z,5
3 years ago,2022-09-17T15:47:33.030Z,5
3 years ago,2022-09-17T14:55:27.107Z,5
3 years ago,2022-09-17T13:07:24.260Z,3
3 years ago,2022-09-17T09:15:47.873Z,5
3 years ago,2022-09-16T15:42:55.934Z,5
3 years ago,2022-09-16T11:45:05.782Z,5
Edited 3 years ago,2022-09-16T06:30:43.256Z,5
3 years ago,2022-09-15T17:56:06.640Z,5
3 years ago,2022-09-15T07:08:51.629Z,5
3 years ago,2022-09-14T05:20:47.957Z,4
3 years ago,2022-09-13T20:53:53.576Z,4
3 years ago,2022-09-13T20:26:10.715Z,5
3 years ago,2022-09-13T15:31:39.498Z,5
3 years ago,2022-09-13T14:14:17.721Z,5
3 years ago,2022-09-13T10:11:34.671Z,5
3 years ago,2022-09-13T09:43:12.395Z,4
3 years ago,2022-09-12T18:01:22.845Z,5
3 years ago,2022-09-12T16:47:24.387Z,2
3 years ago,2022-09-12T16:12:38.664Z,5
3 years ago,2022-09-12T12:59:44.791Z,4
3 years ago,2022-09-12T09:41:10.549Z,5
3 years ago,2022-09-11T21:24:05.149Z,5
3 years ago,2022-09-11T20:58:21.814Z,5
3 years ago,2022-09-11T20:04:41.832Z,5
3 years ago,2022-09-11T17:49:36.411Z,5
3 years ago,2022-09-11T17:16:28.085Z,5
3 years ago,2022-09-11T13:10:11.117Z,5
Edited 3 years ago,2022-09-10T21:38:37.496Z,5
3 years ago,2022-09-10T18:25:14.852Z,1
3 years ago,2022-09-10T17:39:21.776Z,5
3 years ago,2022-09-10T17:05:14.876Z,4
3 years ago,2022-09-10T08:38:18.367Z,5
3 years ago,2022-09-09T17:15:36.884Z,5
3 years ago,2022-09-09T15:24:00.390Z,5
3 years ago,2022-09-08T21:55:31.384Z,5
3 years ago,2022-09-08T13:27:06.020Z,5
3 years ago,2022-09-08T12:11:21.320Z,5
3 years ago,2022-09-07T20:54:01.585Z,5
3 years ago,2022-09-07T20:38:42.083Z,5
Edited 3 years ago,2022-09-07T18:44:13.441Z,5
3 years ago,2022-09-07T15:09:28.940Z,5
3 years ago,2022-09-07T12:00:42.589Z,5
3 years ago,2022-09-06T14:41:25.823Z,3
3 years ago,2022-09-06T09:08:21.877Z,5
3 years ago,2022-09-05T07:25:53.246Z,5
3 years ago,2022-09-04T19:39:45.380Z,3
3 years ago,2022-09-04T12:31:00.195Z,5
3 years ago,2022-09-04T08:27:02.177Z,5
3 years ago,2022-09-03T20:20:35.828Z,5
3 years ago,2022-09-03T09:48:16.266Z,5
3 years ago,2022-09-03T08:29:22.712Z,5
3 years ago,2022-09-02T21:52:43.152Z,5
Edited 3 years ago,2022-09-02T18:19:53.996Z,5
3 years ago,2022-09-02T17:07:54.292Z,4
3 years ago,2022-09-02T16:05:24.263Z,5
3 years ago,2022-09-02T14:08:24.175Z,5
3 years ago,2022-09-02T13:47:26.890Z,1
3 years ago,2022-09-02T12:33:53.284Z,5
3 years ago,2022-09-02T09:33:08.444Z,4
3 years ago,2022-09-01T20:31:59.251Z,5
3 years ago,2022-09-01T19:48:11.771Z,5
3 years ago,2022-09-01T15:41:15.032Z,3
3 years ago,2022-09-01T08:58:02.859Z,5
3 years ago,2022-08-31T08:23:27.410Z,5
3 years ago,2022-08-30T20:32:29.936Z,5
3 years ago,2022-08-30T17:46:06.411Z,5
Edited 3 years ago,2022-08-30T17:41:59.676Z,5
3 years ago,2022-08-30T14:32:28.666Z,5
3 years ago,2022-08-30T10:19:41.791Z,5
3 years ago,2022-08-30T09:19:37.310Z,5
3 years ago,2022-08-29T16:56:59.191Z,5
3 years ago,2022-08-29T08:52:49.206Z,5
3 years ago,2022-08-28T13:55:52.743Z,5
3 years ago,2022-08-28T09:49:25.964Z,5
3 years ago,2022-08-28T09:31:03.197Z,5
3 years ago,2022-08-28T07:00:24.986Z,4
3 years ago,2022-08-28T04:39:38.237Z,3
3 years ago,2022-08-27T20:13:19.888Z,5
3 years ago,2022-08-27T20:09:39.344Z,5
3 years ago,2022-08-27T19:26:28.165Z,5
3 years ago,2022-08-27T15:14:29.476Z,5
3 years ago,2022-08-27T14:35:55.591Z,5
3 years ago,2022-08-27T14:31:31.773Z,5
3 years ago,2022-08-27T11:19:30.667Z,5
3 years ago,2022-08-26T21:44:07.144Z,5
3 years ago,2022-08-26T18:18:19.452Z,5
3 years ago,2022-08-26T15:32:19.664Z,5
3 years ago,2022-08-26T14:16:25.766Z,3
3 years ago,2022-08-26T13:45:22.486Z,5
3 years ago,2022-08-26T13:28:35.390Z,4
3 years ago,2022-08-26T11:46:37.295Z,5
Edited 3 years ago,2022-08-25T19:24:44.951Z,4
3 years ago,2022-08-25T17:58:16.976Z,5
3 years ago,2022-08-25T16:52:45.573Z,5
3 years ago,2022-08-25T12:17:30.793Z,5
3 years ago,2022-08-25T11:31:47.840Z,5
3 years ago,2022-08-24T20:40:58.704Z,4
3 years ago,2022-08-24T19:53:59.257Z,5
3 years ago,2022-08-24T18:52:28.573Z,5
3 years ago,2022-08-23T17:52:32.583Z,5
3 years ago,2022-08-23T17:19:01.280Z,5
3 years ago,2022-08-23T16:19:10.869Z,5
3 years ago,2022-08-23T15:21:34.653Z,5
3 years ago,2022-08-23T12:29:46.058Z,5
3 years ago,2022-08-23T11:02:42.707Z,4
3 years ago,2022-08-23T09:57:40.072Z,4
3 years ago,2022-08-23T06:41:57.165Z,5
3 years ago,2022-08-22T21:53:37.972Z,5
3 years ago,2022-08-22T19:48:55.252Z,4
3 years ago,2022-08-22T18:47:45.424Z,4
3 years ago,2022-08-22T18:10:44.809Z,5
3 years ago,2022-08-22T17:50:16.319Z,5
3 years ago,2022-08-22T05:49:08.405Z,5
3 years ago,2022-08-21T20:22:11.589Z,5
3 years ago,2022-08-21T20:10:38.019Z,5
3 years ago,2022-08-21T10:43:06.518Z,3
3 years ago,2022-08-21T10:32:20.029Z,5
3 years ago,2022-08-21T02:24:42.113Z,5
3 years ago,2022-08-20T18:33:00.986Z,4
3 years ago,2022-08-20T16:23:30.221Z,4
3 years ago,2022-08-20T14:36:22.015Z,5
Edited 3 years ago,2022-08-20T14:21:54.826Z,4
3 years ago,2022-08-20T11:19:06.480Z,5
3 years ago,2022-08-20T06:05:52.068Z,5
3 years ago,2022-08-20T00:56:17.681Z,5
3 years ago,2022-08-19T16:35:46.252Z,4
3 years ago,2022-08-19T12:28:56.835Z,5
3 years ago,2022-08-19T10:33:03.475Z,5
3 years ago,2022-08-19T10:25:09.819Z,5
3 years ago,2022-08-18T21:58:34.047Z,5
3 years ago,2022-08-18T16:27:58.493Z,5
3 years ago,2022-08-18T15:09:44.368Z,5
3 years ago,2022-08-18T14:19:30.253Z,5
3 years ago,2022-08-17T20:43:18.219Z,5
3 years ago,2022-08-17T18:29:54.174Z,5
3 years ago,2022-08-17T17:23:57.204Z,4
3 years ago,2022-08-17T15:52:18.405Z,5
3 years ago,2022-08-16T19:51:27.375Z,3
3 years ago,2022-08-16T17:00:15.676Z,5
3 years ago,2022-08-16T15:56:56.628Z,5
3 years ago,2022-08-16T14:18:27.655Z,5
3 years ago,2022-08-16T10:45:04.179Z,5
3 years ago,2022-08-16T09:31:12.952Z,5
3 years ago,2022-08-16T09:20:02.037Z,5
3 years ago,2022-08-16T08:36:34.972Z,5
3 years ago,2022-08-16T06:20:28.384Z,5
3 years ago,2022-08-16T05:53:56.423Z,5
3 years ago,2022-08-15T20:11:27.300Z,5
3 years ago,2022-08-15T13:53:12.339Z,4
3 years ago,2022-08-15T13:10:30.694Z,5
3 years ago,2022-08-15T13:07:12.282Z,5
3 years ago,2022-08-15T12:58:34.295Z,4
3 years ago,2022-08-14T22:28:31.139Z,5
3 years ago,2022-08-14T20:11:39.970Z,3
3 years ago,2022-08-14T19:02:22.498Z,5
3 years ago,2022-08-14T16:37:36.037Z,5
3 years ago,2022-08-14T13:40:53.371Z,5
3 years ago,2022-08-14T12:17:02.674Z,5
3 years ago,2022-08-14T09:39:10.210Z,5
3 years ago,2022-08-14T06:20:39.317Z,5
Edited 3 years ago,2022-08-14T05:51:51.708Z,5
3 years ago,2022-08-13T23:25:34.821Z,5
3 years ago,2022-08-13T18:10:46.023Z,4
3 years ago,2022-08-13T07:12:00.264Z,3
3 years ago,2022-08-12T15:40:27.689Z,5
3 years ago,2022-08-12T05:15:58.806Z,5
3 years ago,2022-08-11T17:49:54.733Z,5
3 years ago,2022-08-11T16:49:52.808Z,5
3 years ago,2022-08-10T19:43:49.874Z,5
3 years ago,2022-08-10T19:15:36.869Z,5
3 years ago,2022-08-10T16:34:58.917Z,4
3 years ago,2022-08-10T15:20:58.278Z,4
3 years ago,2022-08-10T12:15:41.169Z,3
3 years ago,2022-08-10T09:41:09.230Z,5
3 years ago,2022-08-09T19:01:50.625Z,5
3 years ago,2022-08-09T17:53:37.629Z,5
3 years ago,2022-08-09T15:25:39.806Z,5
3 years ago,2022-08-09T15:05:52.693Z,5
3 years ago,2022-08-09T14:09:44.285Z,5
3 years ago,2022-08-09T11:02:25.316Z,5
3 years ago,2022-08-09T09:17:34.892Z,4
3 years ago,2022-08-09T08:27:33.218Z,3
3 years ago,2022-08-09T07:45:33.700Z,5
3 years ago,2022-08-09T06:15:44.348Z,5
3 years ago,2022-08-08T21:58:51.419Z,3
3 years ago,2022-08-08T20:01:41.213Z,4
3 years ago,2022-08-08T12:43:39.093Z,5
3 years ago,2022-08-08T11:20:54.497Z,5
3 years ago,2022-08-08T08:54:50.319Z,5
3 years ago,2022-08-08T08:51:41.660Z,5
3 years ago,2022-08-08T07:21:43.871Z,4
3 years ago,2022-08-07T19:03:28.608Z,3
3 years ago,2022-08-07T18:33:08.113Z,5
3 years ago,2022-08-07T15:49:38.535Z,5
3 years ago,2022-08-06T22:21:01.870Z,5
3 years ago,2022-08-06T20:34:23.473Z,4
3 years ago,2022-08-06T20:31:59.463Z,4
3 years ago,2022-08-06T17:09:52.419Z,5
3 years ago,2022-08-06T13:57:00.456Z,5
3 years ago,2022-08-06T10:34:35.802Z,5
3 years ago,2022-08-06T10:28:45.830Z,5
3 years ago,2022-08-06T10:15:28.785Z,5
3 years ago,2022-08-06T09:24:34.934Z,5
3 years ago,2022-08-05T14:05:44.793Z,5
3 years ago,2022-08-05T12:44:23.045Z,5
3 years ago,2022-08-05T10:28:35.069Z,5
3 years ago,2022-08-04T13:09:45.577Z,5
3 years ago,2022-08-03T19:16:33.587Z,5
3 years ago,2022-08-03T19:08:19.591Z,5
3 years ago,2022-08-02T13:37:36.249Z,5
3 years ago,2022-08-02T10:26:04.294Z,5
3 years ago,2022-08-02T09:47:23.852Z,5
3 years ago,2022-08-02T07:57:02.687Z,5
3 years ago,2022-08-02T07:08:23.839Z,5
3 years ago,2022-08-01T17:56:26.505Z,5
3 years ago,2022-08-01T17:45:29.829Z,5
3 years ago,2022-08-01T17:10:29.099Z,5
3 years ago,2022-08-01T15:41:52.021Z,5
3 years ago,2022-08-01T15:32:07.499Z,5
3 years ago,2022-08-01T11:19:26.923Z,5
3 years ago,2022-08-01T11:13:55.720Z,5
3 years ago,2022-07-31T23:03:11.514Z,5
3 years ago,2022-07-31T20:29:36.820Z,5
3 years ago,2022-07-31T20:24:31.906Z,5
3 years ago,2022-07-31T19:54:49.268Z,5
3 years ago,2022-07-31T19:17:52.297Z,5
3 years ago,2022-07-31T16:56:58.363Z,5
3 years ago,2022-07-31T16:45:29.494Z,5
3 years ago,2022-07-31T16:27:41.623Z,5
3 years ago,2022-07-31T11:57:23.284Z,5
3 years ago,2022-07-31T00:24:06.815Z,3
3 years ago,2022-07-30T22:19:41.447Z,5
3 years ago,2022-07-30T19:10:05.722Z,5
3 years ago,2022-07-30T16:00:34.352Z,5
3 years ago,2022-07-30T14:03:51.723Z,5
3 years ago,2022-07-30T09:12:20.708Z,5
3 years ago,2022-07-30T00:57:52.445Z,5
3 years ago,2022-07-29T20:15:12.269Z,5
3 years ago,2022-07-29T17:37:25.260Z,5
3 years ago,2022-07-29T09:30:17.495Z,5
3 years ago,2022-07-28T15:48:49.489Z,5
3 years ago,2022-07-28T10:43:43.437Z,5
3 years ago,2022-07-28T09:03:34.756Z,4
3 years ago,2022-07-28T08:47:28.590Z,5
3 years ago,2022-07-28T08:46:59.487Z,5
3 years ago,2022-07-28T07:03:00.424Z,5
3 years ago,2022-07-28T01:35:31.938Z,5
3 years ago,2022-07-27T21:56:53.853Z,5
3 years ago,2022-07-27T17:43:03.274Z,5
3 years ago,2022-07-27T16:51:47.312Z,5
Edited 3 years ago,2022-07-27T16:04:30.950Z,5
3 years ago,2022-07-27T14:53:26.587Z,5
3 years ago,2022-07-27T13:57:17.928Z,5
3 years ago,2022-07-27T07:05:14.816Z,4
3 years ago,2022-07-26T19:31:14.639Z,4
3 years ago,2022-07-26T18:50:52.998Z,3
3 years ago,2022-07-26T18:09:17.423Z,5
3 years ago,2022-07-26T17:13:01.170Z,5
3 years ago,2022-07-26T16:52:09.185Z,5
3 years ago,2022-07-26T16:49:34.378Z,4
3 years ago,2022-07-26T11:50:17.650Z,5
3 years ago,2022-07-26T08:12:59.831Z,5
3 years ago,2022-07-26T06:16:51.769Z,3
3 years ago,2022-07-26T05:41:16.205Z,5
3 years ago,2022-07-26T05:23:54.556Z,5
3 years ago,2022-07-26T04:59:01.467Z,5
3 years ago,2022-07-26T03:55:04.511Z,1
3 years ago,2022-07-25T21:19:31.230Z,4
3 years ago,2022-07-25T09:31:40.647Z,5
3 years ago,2022-07-24T19:44:54.094Z,5
3 years ago,2022-07-24T18:37:16.641Z,5
3 years ago,2022-07-24T17:05:59.977Z,5
3 years ago,2022-07-24T14:39:32.359Z,5
3 years ago,2022-07-24T14:15:52.828Z,5
3 years ago,2022-07-24T14:04:22.275Z,5
3 years ago,2022-07-23T22:23:31.484Z,5
3 years ago,2022-07-23T19:20:03.984Z,5
3 years ago,2022-07-23T17:10:15.067Z,5
3 years ago,2022-07-23T16:58:38.554Z,5
3 years ago,2022-07-23T16:46:53.305Z,5
3 years ago,2022-07-23T12:39:55.537Z,4
3 years ago,2022-07-22T18:20:18.963Z,5
3 years ago,2022-07-22T16:02:03.792Z,5
3 years ago,2022-07-22T13:50:25.273Z,4
3 years ago,2022-07-22T08:55:35.890Z,4
Edited 3 years ago,2022-07-22T06:13:09.366Z,4
3 years ago,2022-07-22T05:28:23.391Z,5
Edited 3 years ago,2022-07-22T04:30:35.488Z,5
3 years ago,2022-07-21T19:22:22.744Z,5
3 years ago,2022-07-21T19:01:38.396Z,5
3 years ago,2022-07-21T18:18:25.979Z,5
3 years ago,2022-07-21T17:11:32.342Z,5
3 years ago,2022-07-21T10:26:40.302Z,5
3 years ago,2022-07-20T19:55:32.937Z,5
3 years ago,2022-07-20T18:33:36.322Z,5
3 years ago,2022-07-20T07:38:46.743Z,5
3 years ago,2022-07-20T06:55:52.253Z,5
3 years ago,2022-07-20T06:14:39.534Z,5
3 years ago,2022-07-20T04:59:28.585Z,5
3 years ago,2022-07-19T21:21:59.341Z,4
3 years ago,2022-07-19T12:18:48.187Z,5
3 years ago,2022-07-19T12:09:15.018Z,5
3 years ago,2022-07-19T10:18:41.649Z,5
3 years ago,2022-07-19T08:31:45.246Z,5
3 years ago,2022-07-18T19:33:34.745Z,5
3 years ago,2022-07-18T17:34:06.296Z,5
3 years ago,2022-07-18T11:03:12.416Z,5
3 years ago,2022-07-18T08:33:52.181Z,4
3 years ago,2022-07-18T05:08:31.462Z,5
3 years ago,2022-07-18T01:58:16.706Z,5
3 years ago,2022-07-17T18:28:41.942Z,5
3 years ago,2022-07-17T16:31:57.017Z,5
3 years ago,2022-07-17T16:09:49.960Z,5
3 years ago,2022-07-17T16:02:40.627Z,5
3 years ago,2022-07-17T08:43:01.941Z,3
3 years ago,2022-07-17T06:40:00.489Z,3
3 years ago,2022-07-17T06:27:40.729Z,5
3 years ago,2022-07-16T20:56:27.719Z,5
3 years ago,2022-07-16T18:49:40.465Z,4
3 years ago,2022-07-16T15:06:10.607Z,5
3 years ago,2022-07-16T10:03:56.604Z,5
3 years ago,2022-07-16T06:06:01.174Z,5
Edited 3 years ago,2022-07-15T22:21:48.015Z,5
3 years ago,2022-07-15T21:21:00.079Z,5
3 years ago,2022-07-15T19:51:36.605Z,5
3 years ago,2022-07-15T19:05:05.447Z,4
3 years ago,2022-07-15T17:22:44.078Z,5
3 years ago,2022-07-15T15:46:33.159Z,5
3 years ago,2022-07-15T12:29:23.333Z,5
3 years ago,2022-07-15T07:45:57.331Z,5
3 years ago,2022-07-14T17:53:34.075Z,5
3 years ago,2022-07-14T17:38:32.936Z,5
3 years ago,2022-07-14T16:49:12.103Z,5
3 years ago,2022-07-14T14:28:55.491Z,4
3 years ago,2022-07-14T08:44:32.115Z,5
3 years ago,2022-07-13T18:07:29.170Z,5
3 years ago,2022-07-13T17:49:12.880Z,1
3 years ago,2022-07-13T17:06:04.330Z,5
3 years ago,2022-07-13T15:53:49.068Z,5
3 years ago,2022-07-13T15:45:49.775Z,5
3 years ago,2022-07-13T15:36:56.433Z,5
3 years ago,2022-07-13T13:57:13.437Z,5
3 years ago,2022-07-12T15:28:10.068Z,4
Edited 3 years ago,2022-07-12T13:45:04.128Z,3
3 years ago,2022-07-12T13:04:37.030Z,5
Edited 3 years ago,2022-07-12T13:01:10.195Z,5
3 years ago,2022-07-12T12:20:40.083Z,5
3 years ago,2022-07-12T06:56:36.833Z,5
3 years ago,2022-07-11T16:44:48.759Z,4
3 years ago,2022-07-11T08:08:18.811Z,5
3 years ago,2022-07-10T09:09:46.440Z,5
3 years ago,2022-07-10T04:22:53.049Z,5
3 years ago,2022-07-09T19:12:55.734Z,5
3 years ago,2022-07-09T11:23:49.589Z,5
3 years ago,2022-07-08T21:22:58.736Z,5
3 years ago,2022-07-06T21:56:52.441Z,5
3 years ago,2022-07-06T19:50:44.876Z,4
3 years ago,2022-07-06T18:34:34.240Z,5
3 years ago,2022-07-06T11:04:42.518Z,5
3 years ago,2022-07-05T22:52:57.460Z,5
3 years ago,2022-07-05T09:48:37.383Z,5
3 years ago,2022-07-05T08:26:47.820Z,5
3 years ago,2022-07-03T20:42:24.658Z,5
3 years ago,2022-07-03T20:02:07.485Z,5
3 years ago,2022-07-03T18:03:11.655Z,4
3 years ago,2022-07-03T07:21:08.067Z,5
3 years ago,2022-07-01T14:42:55.986Z,4
3 years ago,2022-06-30T16:31:49.697Z,5
Edited 3 years ago,2022-06-29T22:49:13.648Z,3
3 years ago,2022-06-28T06:53:26.665Z,5
3 years ago,2022-06-27T13:11:04.271Z,5
3 years ago,2022-06-26T21:01:33.636Z,4
3 years ago,2022-06-25T22:25:31.270Z,5
3 years ago,2022-06-25T17:33:27.051Z,5
3 years ago,2022-06-24T19:22:49.045Z,5
3 years ago,2022-06-24T06:28:06.303Z,5
3 years ago,2022-06-23T15:55:44.286Z,5
3 years ago,2022-06-22T10:06:42.307Z,5
3 years ago,2022-06-21T19:01:51.344Z,4
3 years ago,2022-06-21T13:42:39.563Z,4
3 years ago,2022-06-21T11:14:45.922Z,5
3 years ago,2022-06-21T09:05:13.888Z,5
3 years ago,2022-06-20T18:19:05.894Z,5
3 years ago,2022-06-20T11:16:27.354Z,5
3 years ago,2022-06-18T14:26:27.895Z,5
3 years ago,2022-06-17T21:55:04.859Z,5
3 years ago,2022-06-17T15:17:29.424Z,5
3 years ago,2022-06-17T11:25:25.325Z,4
3 years ago,2022-06-17T00:34:50.009Z,5
3 years ago,2022-06-16T20:07:03.681Z,5
3 years ago,2022-06-16T10:00:09.353Z,5
3 years ago,2022-06-16T08:14:14.655Z,5
3 years ago,2022-06-13T19:56:02.653Z,5
3 years ago,2022-06-12T20:49:35.673Z,5
3 years ago,2022-06-12T20:48:59.898Z,5
3 years ago,2022-06-12T07:36:18.403Z,5
3 years ago,2022-06-12T07:30:17.130Z,5
3 years ago,2022-06-12T06:17:26.781Z,5
3 years ago,2022-06-11T21:46:37.150Z,4
3 years ago,2022-06-11T18:54:07.032Z,5
3 years ago,2022-06-11T17:02:18.643Z,4
3 years ago,2022-06-11T11:45:24.759Z,5
3 years ago,2022-06-10T17:21:17.947Z,5
3 years ago,2022-06-09T16:23:03.502Z,5
3 years ago,2022-06-08T18:13:57.128Z,5
3 years ago,2022-06-06T23:15:19.677Z,5
Edited 3 years ago,2022-06-06T12:55:08.967Z,5
3 years ago,2022-06-06T09:56:12.357Z,4
3 years ago,2022-06-06T06:30:55.957Z,4
3 years ago,2022-06-05T14:47:48.181Z,5
3 years ago,2022-06-05T13:10:41.658Z,5
3 years ago,2022-06-05T10:16:49.241Z,4
3 years ago,2022-06-03T15:57:33.278Z,5
3 years ago,2022-06-02T10:55:18.456Z,3
3 years ago,2022-06-02T08:06:28.500Z,5
3 years ago,2022-06-02T01:49:31.435Z,5
3 years ago,2022-06-01T15:58:42.878Z,5
3 years ago,2022-05-31T11:56:16.912Z,5
3 years ago,2022-05-31T09:29:20.105Z,2
3 years ago,2022-05-31T06:04:05.911Z,4
3 years ago,2022-05-30T20:21:13.667Z,5
3 years ago,2022-05-30T19:33:12.407Z,5
3 years ago,2022-05-30T07:48:28.586Z,5
3 years ago,2022-05-28T13:59:06.947Z,5
3 years ago,2022-05-28T13:57:44.744Z,5
3 years ago,2022-05-28T05:40:17.861Z,5
3 years ago,2022-05-27T21:17:14.854Z,5
3 years ago,2022-05-27T09:19:24.988Z,5
3 years ago,2022-05-27T08:31:47.220Z,5
3 years ago,2022-05-27T07:43:45.455Z,5
3 years ago,2022-05-26T23:45:59.660Z,5
3 years ago,2022-05-26T21:55:15.247Z,5
3 years ago,2022-05-26T21:04:05.135Z,5
3 years ago,2022-05-26T18:46:33.799Z,5
3 years ago,2022-05-26T04:54:27.613Z,5
3 years ago,2022-05-25T20:55:50.480Z,5
3 years ago,2022-05-25T19:27:55.297Z,5
3 years ago,2022-05-25T13:27:28.527Z,5
3 years ago,2022-05-25T10:33:51.546Z,5
3 years ago,2022-05-25T08:21:36.147Z,2
3 years ago,2022-05-24T19:52:42.834Z,5
3 years ago,2022-05-23T22:21:29.108Z,5
3 years ago,2022-05-23T21:16:57.863Z,5
3 years ago,2022-05-23T20:08:08.628Z,3
3 years ago,2022-05-23T16:48:19.724Z,3
3 years ago,2022-05-23T13:08:14.901Z,5
3 years ago,2022-05-22T14:25:22.591Z,5
3 years ago,2022-05-21T22:49:30.857Z,4
3 years ago,2022-05-21T17:25:59.174Z,4
3 years ago,2022-05-21T14:57:38.603Z,3
3 years ago,2022-05-21T14:55:01.309Z,5
3 years ago,2022-05-21T10:28:25.585Z,5
3 years ago,2022-05-21T08:32:15.509Z,5
3 years ago,2022-05-20T06:56:31.946Z,5
3 years ago,2022-05-19T22:43:15.036Z,5
3 years ago,2022-05-19T16:04:11.075Z,5
3 years ago,2022-05-19T14:39:22.894Z,5
3 years ago,2022-05-19T14:04:27.737Z,5
3 years ago,2022-05-19T13:46:38.551Z,5
3 years ago,2022-05-19T13:38:29.264Z,1
3 years ago,2022-05-18T09:27:22.327Z,2
3 years ago,2022-05-17T18:52:09.894Z,5
3 years ago,2022-05-15T08:39:09.510Z,5
3 years ago,2022-05-14T22:21:27.263Z,5
3 years ago,2022-05-14T20:13:46.149Z,5
3 years ago,2022-05-14T06:31:24.868Z,5
3 years ago,2022-05-13T10:36:21.494Z,5
3 years ago,2022-05-12T11:40:34.981Z,5
3 years ago,2022-05-11T18:36:41.061Z,5
3 years ago,2022-05-11T18:21:10.827Z,5
3 years ago,2022-05-11T14:51:37.426Z,5
Edited 3 years ago,2022-05-11T12:37:01.961Z,4
3 years ago,2022-05-09T17:21:05.477Z,5
3 years ago,2022-05-09T12:25:24.838Z,5
3 years ago,2022-05-08T21:45:06.325Z,5
3 years ago,2022-05-08T18:46:11.769Z,5
3 years ago,2022-05-08T18:36:37.612Z,5
3 years ago,2022-05-08T12:29:08.596Z,5
3 years ago,2022-05-08T11:48:53.635Z,5
3 years ago,2022-05-08T10:44:37.639Z,5
3 years ago,2022-05-08T06:10:00.026Z,5
3 years ago,2022-05-07T20:19:37.510Z,5
3 years ago,2022-05-07T10:29:53.621Z,5
3 years ago,2022-05-07T07:39:17.523Z,5
3 years ago,2022-05-06T15:41:06.440Z,5
3 years ago,2022-05-06T09:27:57.442Z,5
3 years ago,2022-05-06T07:46:56.221Z,5
3 years ago,2022-05-05T19:54:50.134Z,5
3 years ago,2022-05-05T19:35:59.847Z,5
3 years ago,2022-05-05T18:46:22.067Z,4
3 years ago,2022-05-05T16:27:27.242Z,5
3 years ago,2022-05-04T17:56:11.316Z,4
3 years ago,2022-05-04T15:42:23.600Z,5
3 years ago,2022-05-04T11:42:13.808Z,4
3 years ago,2022-05-04T07:47:11.597Z,5
3 years ago,2022-05-03T21:40:41.060Z,5
3 years ago,2022-05-03T20:08:44.631Z,5
3 years ago,2022-05-03T17:44:55.734Z,5
3 years ago,2022-05-02T20:51:42.592Z,5
3 years ago,2022-05-01T19:13:24.342Z,5
3 years ago,2022-05-01T17:47:00.921Z,4
3 years ago,2022-05-01T15:19:18.055Z,5
4 years ago,2022-05-01T06:06:10.647Z,5
4 years ago,2022-04-30T16:16:07.917Z,5
4 years ago,2022-04-30T15:14:40.082Z,5
4 years ago,2022-04-29T20:44:48.764Z,5
4 years ago,2022-04-29T18:09:26.608Z,5
4 years ago,2022-04-29T09:07:05.305Z,5
4 years ago,2022-04-26T07:13:46.139Z,4
4 years ago,2022-04-25T19:31:48.983Z,5
4 years ago,2022-04-19T14:52:47.431Z,4
4 years ago,2022-04-18T17:15:31.846Z,5
4 years ago,2022-04-17T19:53:18.134Z,5
4 years ago,2022-04-14T21:20:13.892Z,3
4 years ago,2022-04-14T19:45:48.074Z,3
4 years ago,2022-04-14T18:31:21.300Z,5
4 years ago,2022-04-13T04:49:55.217Z,5
4 years ago,2022-04-13T03:59:07.486Z,5
4 years ago,2022-04-10T22:09:27.802Z,5
4 years ago,2022-04-08T08:32:18.210Z,5
4 years ago,2022-04-07T19:30:17.268Z,5
4 years ago,2022-04-04T10:09:07.234Z,5
4 years ago,2022-04-03T21:52:57.320Z,5
4 years ago,2022-04-03T14:37:57.669Z,5
4 years ago,2022-04-01T16:26:07.272Z,5
4 years ago,2022-04-01T15:58:23.244Z,5
4 years ago,2022-03-31T07:11:39.157Z,5
4 years ago,2022-03-30T20:47:50.999Z,4
4 years ago,2022-03-30T20:12:44.991Z,5
4 years ago,2022-03-30T19:30:12.906Z,5
4 years ago,2022-03-30T10:50:25.059Z,4
4 years ago,2022-03-29T11:59:40.148Z,5
4 years ago,2022-03-29T07:11:23.764Z,5
4 years ago,2022-03-29T07:00:36.694Z,5
4 years ago,2022-03-29T06:19:44.247Z,4
4 years ago,2022-03-28T09:26:21.483Z,5
4 years ago,2022-03-27T19:36:45.909Z,5
4 years ago,2022-03-27T09:55:43.733Z,5
4 years ago,2022-03-24T14:21:35.726Z,5
4 years ago,2022-03-24T12:06:18.910Z,5
4 years ago,2022-03-23T15:37:12.039Z,5
4 years ago,2022-03-22T17:44:45.919Z,5
4 years ago,2022-03-21T15:15:25.556Z,5
4 years ago,2022-03-20T18:55:49.108Z,5
4 years ago,2022-03-20T01:58:18.613Z,5
Edited 4 years ago,2022-03-19T20:09:16.780Z,5
4 years ago,2022-03-19T19:17:11.107Z,5
4 years ago,2022-03-19T08:24:09.407Z,5
4 years ago,2022-03-19T05:14:49.299Z,5
4 years ago,2022-03-17T15:04:44.133Z,5
4 years ago,2022-03-17T12:47:40.130Z,5
4 years ago,2022-03-14T15:01:00.443Z,5
4 years ago,2022-03-13T19:47:59.692Z,5
4 years ago,2022-03-12T17:18:15.721Z,5
4 years ago,2022-03-12T14:59:10.438Z,5
4 years ago,2022-03-12T13:16:24.139Z,4
4 years ago,2022-03-12T10:36:29.870Z,5
4 years ago,2022-03-11T07:13:50.184Z,5
4 years ago,2022-03-10T22:35:47.839Z,5
Edited 4 years ago,2022-03-10T11:07:09.316Z,5
4 years ago,2022-03-10T08:56:11.891Z,4
4 years ago,2022-03-09T18:41:40.194Z,5
4 years ago,2022-03-08T15:06:26.558Z,5
4 years ago,2022-03-08T06:21:56.201Z,5
4 years ago,2022-03-06T16:16:09.957Z,4
4 years ago,2022-03-05T20:51:01.357Z,5
4 years ago,2022-03-05T20:37:37.304Z,5
4 years ago,2022-03-05T11:55:44.500Z,5
4 years ago,2022-03-05T08:09:54.885Z,4
Edited 4 years ago,2022-03-04T17:09:58.452Z,5
4 years ago,2022-03-02T09:48:49.723Z,5
4 years ago,2022-03-01T21:01:20.236Z,5
4 years ago,2022-03-01T19:18:30.082Z,5
4 years ago,2022-03-01T13:46:16.621Z,5
4 years ago,2022-03-01T07:22:02.309Z,5
4 years ago,2022-02-28T18:58:17.101Z,5
4 years ago,2022-02-28T18:43:49.307Z,5
4 years ago,2022-02-28T17:55:44.140Z,4
4 years ago,2022-02-27T19:45:08.653Z,5
4 years ago,2022-02-27T16:03:10.813Z,4
4 years ago,2022-02-27T15:05:15.070Z,4
4 years ago,2022-02-25T16:51:30.004Z,5
4 years ago,2022-02-24T17:00:25.382Z,5
4 years ago,2022-02-23T18:50:13.750Z,5
4 years ago,2022-02-23T16:35:46.565Z,5
4 years ago,2022-02-22T10:05:32.319Z,5
4 years ago,2022-02-22T09:37:10.028Z,5
4 years ago,2022-02-22T06:08:32.994Z,4
4 years ago,2022-02-21T10:34:20.779Z,5
4 years ago,2022-02-21T04:14:22.932Z,5
4 years ago,2022-02-20T14:16:26.191Z,5
4 years ago,2022-02-20T11:20:53.950Z,5
4 years ago,2022-02-20T10:25:51.900Z,5
Edited 4 years ago,2022-02-19T21:37:15.058Z,5
4 years ago,2022-02-19T20:56:45.810Z,5
4 years ago,2022-02-19T17:36:42.028Z,5
4 years ago,2022-02-19T09:16:46.263Z,5
4 years ago,2022-02-17T14:19:12.822Z,5
4 years ago,2022-02-17T01:29:44.211Z,5
4 years ago,2022-02-16T19:45:03.370Z,5
4 years ago,2022-02-16T19:41:26.892Z,5
4 years ago,2022-02-15T17:40:53.823Z,5
4 years ago,2022-02-15T16:16:01.912Z,5
4 years ago,2022-02-15T14:13:29.881Z,5
4 years ago,2022-02-15T07:24:31.465Z,5
4 years ago,2022-02-15T06:18:21.389Z,5
4 years ago,2022-02-14T23:47:37.961Z,2
4 years ago,2022-02-14T16:10:14.099Z,4
4 years ago,2022-02-14T15:39:20.541Z,5
4 years ago,2022-02-14T08:37:45.622Z,5
4 years ago,2022-02-13T21:50:14.104Z,5
4 years ago,2022-02-13T16:04:48.823Z,5
4 years ago,2022-02-13T15:10:13.663Z,5
4 years ago,2022-02-13T10:40:55.688Z,5
4 years ago,2022-02-13T10:13:19.986Z,2
4 years ago,2022-02-13T04:36:22.267Z,5
4 years ago,2022-02-12T19:53:51.147Z,4
4 years ago,2022-02-10T17:52:08.228Z,5
4 years ago,2022-02-09T20:40:44.600Z,5
4 years ago,2022-02-09T19:36:56.531Z,5
4 years ago,2022-02-09T16:34:14.345Z,5
4 years ago,2022-02-09T10:53:50.148Z,5
4 years ago,2022-02-09T08:05:51.749Z,5
4 years ago,2022-02-08T18:57:36.274Z,5
4 years ago,2022-02-08T10:22:20.527Z,5
4 years ago,2022-02-08T10:06:29.977Z,5
4 years ago,2022-02-07T13:02:57.713Z,5
4 years ago,2022-02-07T09:58:07.035Z,3
4 years ago,2022-02-06T11:08:54.314Z,5
Edited 4 years ago,2022-02-06T05:53:56.254Z,5
4 years ago,2022-02-06T00:14:22.912Z,5
4 years ago,2022-02-05T12:57:03.681Z,5
4 years ago,2022-02-05T10:53:13.461Z,4
4 years ago,2022-02-04T15:00:50.901Z,5
4 years ago,2022-02-04T13:56:47.781Z,5
4 years ago,2022-02-04T00:32:49.537Z,4
4 years ago,2022-02-03T15:25:42.056Z,5
4 years ago,2022-02-02T19:49:54.890Z,5
4 years ago,2022-02-02T12:45:54.714Z,5
4 years ago,2022-01-31T18:57:12.622Z,5
4 years ago,2022-01-30T21:30:23.943Z,3
4 years ago,2022-01-30T20:40:23.551Z,5
4 years ago,2022-01-30T18:25:20.339Z,5
4 years ago,2022-01-29T16:57:02.770Z,5
4 years ago,2022-01-29T07:43:53.444Z,5
4 years ago,2022-01-28T20:27:50.888Z,5
4 years ago,2022-01-28T15:52:48.998Z,5
4 years ago,2022-01-25T20:57:02.613Z,5
4 years ago,2022-01-25T19:59:25.986Z,5
4 years ago,2022-01-25T07:59:50.887Z,5
4 years ago,2022-01-24T23:02:40.480Z,5
4 years ago,2022-01-24T11:56:47.799Z,5
4 years ago,2022-01-24T10:36:32.559Z,5
4 years ago,2022-01-23T17:27:27.350Z,5
4 years ago,2022-01-22T12:32:33.224Z,4
4 years ago,2022-01-21T08:22:39.740Z,5
4 years ago,2022-01-20T19:10:35.186Z,5
4 years ago,2022-01-20T08:09:39.107Z,5
Edited 4 years ago,2022-01-19T18:03:43.774Z,5
4 years ago,2022-01-19T16:24:54.343Z,5
4 years ago,2022-01-18T19:29:58.772Z,5
4 years ago,2022-01-17T20:28:11.688Z,5
4 years ago,2022-01-17T15:39:21.796Z,5
4 years ago,2022-01-16T11:51:41.120Z,5
4 years ago,2022-01-15T22:02:31.255Z,5
4 years ago,2022-01-15T14:11:46.854Z,4
4 years ago,2022-01-15T12:37:24.753Z,5
4 years ago,2022-01-15T09:56:08.695Z,5
4 years ago,2022-01-15T08:23:06.584Z,5
4 years ago,2022-01-15T05:04:25.427Z,5
4 years ago,2022-01-14T19:41:17.961Z,5
4 years ago,2022-01-14T12:29:50.854Z,5
4 years ago,2022-01-13T19:59:03.895Z,5
4 years ago,2022-01-13T09:07:28.166Z,5
4 years ago,2022-01-12T19:59:33.860Z,5
4 years ago,2022-01-12T16:34:05.985Z,5
4 years ago,2022-01-11T06:20:08.818Z,5
4 years ago,2022-01-10T14:09:08.656Z,5
4 years ago,2022-01-10T09:58:46.954Z,5
4 years ago,2022-01-10T09:26:09.181Z,5
4 years ago,2022-01-09T20:16:26.365Z,5
4 years ago,2022-01-09T16:27:36.096Z,5
4 years ago,2022-01-09T15:55:44.027Z,5
4 years ago,2022-01-09T15:51:54.809Z,5
4 years ago,2022-01-09T13:31:10.229Z,5
4 years ago,2022-01-09T11:45:08.163Z,4
4 years ago,2022-01-08T16:23:53.887Z,5
4 years ago,2022-01-08T14:25:53.126Z,5
4 years ago,2022-01-08T08:05:52.466Z,5
4 years ago,2022-01-07T12:19:28.623Z,4
4 years ago,2022-01-07T09:00:47.197Z,5
4 years ago,2022-01-06T15:30:05.350Z,5
4 years ago,2022-01-06T09:25:43.747Z,5
4 years ago,2022-01-06T05:46:48.277Z,5
4 years ago,2022-01-05T18:59:39.411Z,4
4 years ago,2022-01-05T11:15:09.698Z,3
4 years ago,2022-01-04T11:56:08.650Z,5
4 years ago,2022-01-03T19:15:36.398Z,5
4 years ago,2022-01-03T11:32:19.933Z,5
4 years ago,2022-01-03T09:31:11.101Z,5
4 years ago,2022-01-03T09:05:29.016Z,5
4 years ago,2022-01-02T22:18:08.213Z,4
4 years ago,2022-01-02T22:16:05.197Z,5
4 years ago,2022-01-02T17:52:10.012Z,5
4 years ago,2022-01-02T16:40:54.716Z,5
4 years ago,2022-01-02T15:06:31.657Z,5
Edited 4 years ago,2022-01-01T21:29:04.518Z,5
4 years ago,2022-01-01T21:11:10.182Z,5
4 years ago,2022-01-01T17:07:02.575Z,5
4 years ago,2022-01-01T16:56:26.066Z,5
4 years ago,2022-01-01T12:41:57.882Z,5
4 years ago,2022-01-01T09:35:58.894Z,4
4 years ago,2022-01-01T01:30:29.351Z,5
4 years ago,2021-12-31T17:20:34.906Z,5
4 years ago,2021-12-30T11:08:09.871Z,2
4 years ago,2021-12-28T16:07:22.408Z,5
4 years ago,2021-12-28T11:33:53.351Z,5
4 years ago,2021-12-27T20:11:31.473Z,5
4 years ago,2021-12-27T06:19:41.151Z,5
4 years ago,2021-12-26T20:15:41.630Z,3
4 years ago,2021-12-26T16:11:02.851Z,4
4 years ago,2021-12-26T14:09:44.084Z,5
4 years ago,2021-12-25T14:40:39.503Z,5
4 years ago,2021-12-24T15:40:57.932Z,4
4 years ago,2021-12-23T18:39:44.705Z,5
4 years ago,2021-12-23T16:18:22.629Z,5
4 years ago,2021-12-22T20:26:15.624Z,5
4 years ago,2021-12-22T08:42:03.489Z,3
4 years ago,2021-12-21T08:12:28.972Z,5
4 years ago,2021-12-21T08:11:11.364Z,5
4 years ago,2021-12-19T18:16:23.364Z,5
4 years ago,2021-12-19T17:30:08.085Z,5
4 years ago,2021-12-19T16:12:02.695Z,5
4 years ago,2021-12-19T09:09:56.130Z,5
4 years ago,2021-12-18T03:46:05.581Z,5
4 years ago,2021-12-17T12:45:27.041Z,5
4 years ago,2021-12-17T12:34:25.982Z,5
4 years ago,2021-12-16T15:17:41.310Z,5
4 years ago,2021-12-15T15:53:11.849Z,4
4 years ago,2021-12-15T05:49:24.776Z,5
4 years ago,2021-12-14T21:46:36.872Z,3
4 years ago,2021-12-14T14:24:00.736Z,5
4 years ago,2021-12-13T20:50:22.598Z,5
4 years ago,2021-12-13T10:02:31.482Z,4
4 years ago,2021-12-12T19:43:01.294Z,4
4 years ago,2021-12-12T17:58:42.755Z,5
Edited 4 years ago,2021-12-11T23:04:55.188Z,5
4 years ago,2021-12-11T21:48:26.132Z,5
4 years ago,2021-12-11T21:13:13.742Z,5
4 years ago,2021-12-11T20:34:49.363Z,4
4 years ago,2021-12-11T11:59:33.260Z,5
4 years ago,2021-12-11T07:35:05.001Z,5
4 years ago,2021-12-10T20:34:33.296Z,5
4 years ago,2021-12-10T13:06:14.142Z,3
4 years ago,2021-12-10T07:53:49.460Z,5
4 years ago,2021-12-09T13:32:34.039Z,5
4 years ago,2021-12-09T12:08:00.621Z,4
4 years ago,2021-12-08T15:20:10.659Z,5
4 years ago,2021-12-07T15:17:23.031Z,5
4 years ago,2021-12-07T06:11:14.506Z,5
4 years ago,2021-12-06T18:26:32.381Z,5
4 years ago,2021-12-06T05:47:11.069Z,5
Edited 4 years ago,2021-12-05T10:41:39.075Z,5
4 years ago,2021-12-05T05:31:30.367Z,5
4 years ago,2021-12-04T13:28:26.335Z,4
4 years ago,2021-12-03T21:50:00.939Z,5
4 years ago,2021-12-03T12:10:20.388Z,4
4 years ago,2021-12-03T09:28:54.626Z,5
4 years ago,2021-12-03T06:35:43.706Z,5
4 years ago,2021-12-02T18:50:07.088Z,5
4 years ago,2021-12-02T11:20:18.116Z,5
4 years ago,2021-12-02T09:42:51.229Z,5
4 years ago,2021-12-01T21:44:05.683Z,5
4 years ago,2021-12-01T08:13:55.932Z,5
4 years ago,2021-12-01T07:26:32.294Z,5